/rds/general/user/dtj20/home/mac/datasets/ace_librispeech/rir1/6313-76958-0007.wav, 48.41440276284001, 52.81816379931488, 59.3005507720747, 52.1431534144077, 56.02739419788121, 54.843134220642646, 55.68566740743886
/rds/general/user/dtj20/home/mac/datasets/ace_librispeech/rir1/8230-279154-0033.wav, 64.53086242336754, 70.41056782891926, 57.97920565330212, 49.85388776995314, 46.31027054585226, 52.24249888095213, 61.02265086417398
/rds/general/user/dtj20/home/mac/datasets/ace_librispeech/rir1/4507-16021-0053.wav, 56.28472011697571, 75.05956836998477, 46.61596989809097, 233.58395777079554, 60.89130617108247, 56.84202714220926, 209.09616834747584
/rds/general/user/dtj20/home/mac/datasets/ace_librispeech/rir1/8224-274384-0000.wav, 77.17299470837743, 54.707163369275804, 56.09078554310774, 50.1133954233658, 51.59274755572181, 57.50190837184498, 53.06770926620252
/rds/general/user/dtj20/home/mac/datasets/ace_librispeech/rir1/2094-142345-0016.wav, 44.49601917611767, 51.44971789492594, 52.96021224868128, 49.78497399448169, 39.356855510721665, 49.25765734679736, 207.32129065174857
/rds/general/user/dtj20/home/mac/datasets/ace_librispeech/rir1/6313-76958-0007.wav, 51.689397495779765, 40.98771305616059, 47.15865871945073, 40.21896491574101, 54.89373090839926, 56.936013357240576, 57.339692054488715
/rds/general/user/dtj20/home/mac/datasets/ace_librispeech/rir1/8230-279154-0033.wav, 51.74348362721336, 52.708678953034216, 55.8968632189612, 61.35613313733482, 62.86903331183595, 79.45093602255604, 56.700771743056166
/rds/general/user/dtj20/home/mac/datasets/ace_librispeech/rir1/4507-16021-0053.wav, 63.89448600686309, 53.6348107164774, 58.976326285539486, 233.1907430223839, 65.7927404476837, 52.05681451033912, 219.075836884054
/rds/general/user/dtj20/home/mac/datasets/ace_librispeech/rir1/8224-274384-0000.wav, 56.374085338554494, 63.22466219578913, 47.242799390406006, 75.86362514303555, 50.29238889976466, 52.13083331327114, 58.59462611334195
/rds/general/user/dtj20/home/mac/datasets/ace_librispeech/rir1/2094-142345-0016.wav, 40.09001135520953, 55.31314653129597, 43.8040206374571, 45.456293803533626, 55.25729097593741, 53.38874720621757, 221.29313023046598
/rds/general/user/dtj20/home/mac/datasets/ace_librispeech/rir1/6313-76958-0007.wav, 44.745045026594354, 49.298445681761805, 42.718693375587655, 54.57965604834891, 52.17921119606014, 53.54573719224622, 45.99812473975415
/rds/general/user/dtj20/home/mac/datasets/ace_librispeech/rir1/8230-279154-0033.wav, 55.00905290017111, 66.20438119123669, 49.196898056776206, 46.92779175194292, 75.77610018590653, 68.96103101855911, 59.144394282912046
/rds/general/user/dtj20/home/mac/datasets/ace_librispeech/rir1/4507-16021-0053.wav, 54.922899712815905, 59.01156611038086, 52.800532646788774, 252.4436812400263, 52.586755209216705, 47.61295965435537, 224.68961794819873
/rds/general/user/dtj20/home/mac/datasets/ace_librispeech/rir1/8224-274384-0000.wav, 55.88039632391486, 48.68687409583017, 48.602258986636585, 60.059174851757874, 53.03142746304732, 64.11203201939989, 53.02502684742816
/rds/general/user/dtj20/home/mac/datasets/ace_librispeech/rir1/2094-142345-0016.wav, 51.603796597652476, 53.75577994454042, 45.58613812952401, 52.562873801783496, 63.910409855449245, 53.436549620915756, 203.57980579805707
/rds/general/user/dtj20/home/mac/datasets/ace_librispeech/rir1/6313-76958-0007.wav, 50.47465074373407, 60.120360797543725, 54.71995914206807, 42.39351089138253, 64.18966567609036, 52.91924311268528, 62.84462681087984
/rds/general/user/dtj20/home/mac/datasets/ace_librispeech/rir1/8230-279154-0033.wav, 58.412049301605975, 57.03779423986258, 47.47875437663551, 48.69233700264765, 59.85394287763754, 47.26443168118391, 62.51828705606087
/rds/general/user/dtj20/home/mac/datasets/ace_librispeech/rir1/4507-16021-0053.wav, 54.71831005420049, 49.853479339826414, 46.34533770795433, 252.27432369555257, 78.20436540086054, 62.123672171176196, 216.82859127332662
/rds/general/user/dtj20/home/mac/datasets/ace_librispeech/rir1/8224-274384-0000.wav, 62.90151998720531, 54.409599009596086, 47.202245394713586, 42.782178642144466, 53.49563059958447, 73.6431189788092, 60.13003645851876
/rds/general/user/dtj20/home/mac/datasets/ace_librispeech/rir1/2094-142345-0016.wav, 56.076926094722296, 52.30826301799938, 53.949325728290056, 62.58909195745916, 74.0825936098208, 53.25406905425413, 202.14922588547887
/rds/general/user/dtj20/home/mac/datasets/ace_librispeech/rir1/6313-76958-0007.wav, 53.47952968877678, 69.02727142150563, 52.811948424715126, 44.93017003856068, 45.44890467371884, 57.870525844028904, 48.40310873861342
/rds/general/user/dtj20/home/mac/datasets/ace_librispeech/rir1/8230-279154-0033.wav, 50.65084878734144, 58.96826368499976, 58.06392787920298, 44.44197499227539, 52.76041858599882, 64.54313534662639, 62.43257139548062
/rds/general/user/dtj20/home/mac/datasets/ace_librispeech/rir1/4507-16021-0053.wav, 49.31193807019703, 50.43769090238405, 64.3479103242515, 232.36493769065152, 84.58705733321213, 54.554574948345895, 209.62509359777076
/rds/general/user/dtj20/home/mac/datasets/ace_librispeech/rir1/8224-274384-0000.wav, 49.33944334104858, 50.42784800393867, 50.203629088851, 49.83027760080834, 46.86357843817491, 55.029071053591565, 46.558606565960375
/rds/general/user/dtj20/home/mac/datasets/ace_librispeech/rir1/2094-142345-0016.wav, 51.320809891135646, 61.71107046733663, 59.66352794824672, 51.79794692616945, 44.25615363060358, 51.260755975237025, 209.01389089625116
/rds/general/user/dtj20/home/mac/datasets/ace_librispeech/rir1/6313-76958-0007.wav, 51.479498268536624, 55.49832389720672, 41.93900107976585, 60.932645658081334, 73.68551217368186, 53.610445654369116, 64.85185543516813
/rds/general/user/dtj20/home/mac/datasets/ace_librispeech/rir1/8230-279154-0033.wav, 55.500653387879495, 58.385709330252226, 49.89324876056348, 75.89319265777888, 54.70245113463506, 56.81007436125824, 52.178982074543676
/rds/general/user/dtj20/home/mac/datasets/ace_librispeech/rir1/4507-16021-0053.wav, 52.73329042042698, 63.057677942699755, 53.62218648064772, 237.87846577638877, 58.19365470695538, 56.925831705957975, 197.13439095920123
/rds/general/user/dtj20/home/mac/datasets/ace_librispeech/rir1/8224-274384-0000.wav, 55.41676032310544, 57.57296023199509, 58.06079914154551, 49.69030109518332, 51.70034918668748, 51.90004788258007, 54.81414065500171
/rds/general/user/dtj20/home/mac/datasets/ace_librispeech/rir1/2094-142345-0016.wav, 46.01977627561088, 45.07139409007635, 45.59312283335586, 47.04182918770505, 50.44483890146185, 48.48185590641282, 223.85381980509177
/rds/general/user/dtj20/home/mac/datasets/ace_librispeech/rir1/6313-76958-0007.wav, 50.28132433059441, 60.662961857566145, 48.408506211698814, 43.838496787175316, 44.63926235562198, 43.170632430769174, 89.76229289737212
/rds/general/user/dtj20/home/mac/datasets/ace_librispeech/rir1/8230-279154-0033.wav, 65.88060468610493, 61.78384404102643, 53.87009644144547, 51.87146678028296, 59.374579486794225, 79.63937390302326, 60.421918518416064
/rds/general/user/dtj20/home/mac/datasets/ace_librispeech/rir1/4507-16021-0053.wav, 67.20283262483153, 44.56602543991589, 60.90849301503491, 251.83864386910227, 53.34326122988361, 46.758918323845506, 207.5371329683371
/rds/general/user/dtj20/home/mac/datasets/ace_librispeech/rir1/8224-274384-0000.wav, 53.947429703124556, 54.34451270782438, 70.56295739902095, 59.31216096547353, 58.79265172299092, 62.35404077465169, 70.66374883306361
/rds/general/user/dtj20/home/mac/datasets/ace_librispeech/rir1/2094-142345-0016.wav, 41.13398626142751, 45.88706886024706, 55.766110271106406, 46.659732491968896, 49.26239881244782, 51.96006592521005, 218.8235483373961
/rds/general/user/dtj20/home/mac/datasets/ace_librispeech/rir1/6313-76958-0007.wav, 46.24312152358061, 49.37249861898689, 60.599546606244445, 39.52364577693599, 51.904375236507306, 68.78194200549946, 49.878221026224864
/rds/general/user/dtj20/home/mac/datasets/ace_librispeech/rir1/8230-279154-0033.wav, 57.034445170983766, 54.199730242293526, 47.465819719327264, 42.91876104438764, 61.495241883671, 55.0976482432618, 68.8635612188153
/rds/general/user/dtj20/home/mac/datasets/ace_librispeech/rir1/4507-16021-0053.wav, 80.68242545911146, 50.820562122593564, 49.80615129755964, 233.5951423588723, 47.8830702818907, 54.35890456558106, 233.7618890767216
/rds/general/user/dtj20/home/mac/datasets/ace_librispeech/rir1/8224-274384-0000.wav, 55.60610979512143, 74.90687333847505, 70.12145770008603, 49.04867250798478, 53.85400857875503, 59.821310441420614, 54.377399825489945
/rds/general/user/dtj20/home/mac/datasets/ace_librispeech/rir1/2094-142345-0016.wav, 60.797887125644664, 60.485545112087955, 39.491567787645174, 51.56360976328397, 42.15964882412347, 51.26943362897349, 204.28610714991373
/rds/general/user/dtj20/home/mac/datasets/ace_librispeech/rir1/6313-76958-0007.wav, 56.75886122587858, 53.72034713063855, 37.78552575863424, 48.46841015204137, 51.02276126635499, 51.91856251622299, 51.088761925850804
/rds/general/user/dtj20/home/mac/datasets/ace_librispeech/rir1/8230-279154-0033.wav, 54.54383196312109, 51.1930313131718, 49.91350107395938, 57.21996521508851, 62.995406921811714, 57.97677201024062, 62.66830723369438
/rds/general/user/dtj20/home/mac/datasets/ace_librispeech/rir1/4507-16021-0053.wav, 56.90434342372143, 57.61905266068797, 55.104336740517226, 237.55606710618667, 56.98292437310903, 64.43732902250468, 217.16226118849556
/rds/general/user/dtj20/home/mac/datasets/ace_librispeech/rir1/8224-274384-0000.wav, 48.812055907875646, 61.291556988364505, 64.09354903099684, 78.05525947420807, 57.03575818613183, 50.3318713691998, 89.58638573590557
/rds/general/user/dtj20/home/mac/datasets/ace_librispeech/rir1/2094-142345-0016.wav, 45.72463236503797, 50.87881088378722, 54.67265255238083, 62.60946188999391, 51.65102223867474, 40.28096986698641, 214.88127576879637
/rds/general/user/dtj20/home/mac/datasets/ace_librispeech/rir1/6313-76958-0007.wav, 49.24474382043806, 69.38629702261193, 54.554146803678904, 49.3664700172864, 67.16875212791565, 55.113373776796266, 58.19097756461758
/rds/general/user/dtj20/home/mac/datasets/ace_librispeech/rir1/8230-279154-0033.wav, 62.744637253572165, 68.75068178093333, 66.89278893456239, 46.58410942218907, 53.94835548786962, 57.89435232556655, 57.90971404973634
/rds/general/user/dtj20/home/mac/datasets/ace_librispeech/rir1/4507-16021-0053.wav, 51.54902728914785, 56.20335012284031, 53.529006452921884, 238.36308644241473, 49.06896034009411, 62.299536958307584, 210.39941734569678
/rds/general/user/dtj20/home/mac/datasets/ace_librispeech/rir1/8224-274384-0000.wav, 58.434860770409514, 60.30999992139397, 61.33516950140343, 57.65446316173977, 87.87613152430637, 66.24147748925773, 49.280776550163765
/rds/general/user/dtj20/home/mac/datasets/ace_librispeech/rir1/2094-142345-0016.wav, 59.16943151875968, 70.33331501030334, 50.160605822479425, 46.21002250237838, 50.543246004802846, 56.67067607382404, 203.94608181357515
