/rds/general/user/dtj20/home/mac/datasets/ace_librispeech/rir1/6313-76958-0007.wav, 60.34635218511486, 72.419652639893, 49.07461664520601, 51.739206648745935, 48.378824410592514, 60.71527331843075, 79.5861417160373
/rds/general/user/dtj20/home/mac/datasets/ace_librispeech/rir1/8230-279154-0033.wav, 85.94975008344733, 63.33872242277736, 52.34063447272958, 46.546258975900685, 54.94560006346209, 60.406535644680744, 49.559745879281856
/rds/general/user/dtj20/home/mac/datasets/ace_librispeech/rir1/4507-16021-0053.wav, 53.667573657556815, 53.25572213751264, 52.4520648924451, 233.61104282875658, 53.3978076795009, 54.47837923108207, 197.53501685085814
/rds/general/user/dtj20/home/mac/datasets/ace_librispeech/rir1/8224-274384-0000.wav, 53.27680181146191, 67.98499588371907, 54.21110032281278, 47.270255314321005, 69.15264092867909, 69.5660344639334, 50.20112609080879
/rds/general/user/dtj20/home/mac/datasets/ace_librispeech/rir1/2094-142345-0016.wav, 63.43339712358421, 50.77854091076744, 53.270389191541334, 87.34611812155293, 48.038895778040846, 61.358538379940235, 215.2552535163552
/rds/general/user/dtj20/home/mac/datasets/ace_librispeech/rir1/6313-76958-0007.wav, 53.21240717913259, 52.83172082150287, 68.57305595468071, 49.17886819970515, 47.62123126402557, 65.32157734772754, 70.93208772239785
/rds/general/user/dtj20/home/mac/datasets/ace_librispeech/rir1/8230-279154-0033.wav, 64.00085203537151, 47.599920743436314, 96.49670470270935, 49.87847125257878, 56.35608067087582, 56.13383460331406, 68.54049093724298
/rds/general/user/dtj20/home/mac/datasets/ace_librispeech/rir1/4507-16021-0053.wav, 56.13174622288335, 52.079399372099, 45.321513823809596, 234.4226041817999, 50.929816482928494, 54.67708450546232, 203.68878399180608
/rds/general/user/dtj20/home/mac/datasets/ace_librispeech/rir1/8224-274384-0000.wav, 49.25377363652451, 66.41453353761585, 65.81298958069554, 55.29464851969129, 66.07845792651234, 58.05405572201616, 66.7889735455708
/rds/general/user/dtj20/home/mac/datasets/ace_librispeech/rir1/2094-142345-0016.wav, 65.97515288237953, 57.29955725379919, 69.66346089403697, 47.918747069353394, 55.81986371136458, 47.14138224405229, 209.35112919636362
/rds/general/user/dtj20/home/mac/datasets/ace_librispeech/rir1/6313-76958-0007.wav, 46.86764288203583, 51.80392395839949, 58.517503901956125, 41.055111677140005, 70.11513574074768, 51.35080593614851, 53.26888121514641
/rds/general/user/dtj20/home/mac/datasets/ace_librispeech/rir1/8230-279154-0033.wav, 43.547718932745745, 62.03521436700687, 50.27052877066132, 53.80278316564312, 56.847087867910844, 55.56436478511441, 60.88511661818359
/rds/general/user/dtj20/home/mac/datasets/ace_librispeech/rir1/4507-16021-0053.wav, 57.17242753089408, 72.42704058633271, 58.75931403008562, 226.62463655654616, 42.20269232522104, 73.77945764730671, 211.82683535051206
/rds/general/user/dtj20/home/mac/datasets/ace_librispeech/rir1/8224-274384-0000.wav, 64.59799197760168, 50.58767701568475, 49.54376027350793, 51.47058701898587, 51.16953436820122, 53.96424523302166, 52.4270656000362
/rds/general/user/dtj20/home/mac/datasets/ace_librispeech/rir1/2094-142345-0016.wav, 53.159121001481246, 45.933859727297694, 46.050890162475746, 42.425593548131026, 45.099330228078244, 80.94203533492696, 211.88311055177235
/rds/general/user/dtj20/home/mac/datasets/ace_librispeech/rir1/6313-76958-0007.wav, 46.97050585429714, 44.114065093823854, 57.622346141732905, 52.278800062573055, 54.514942062418264, 52.58753741152298, 49.93072406808059
/rds/general/user/dtj20/home/mac/datasets/ace_librispeech/rir1/8230-279154-0033.wav, 50.8757709092517, 63.93153243827139, 54.794626291631936, 48.025949737284854, 56.796496571082606, 54.238681913708085, 62.863846097483446
/rds/general/user/dtj20/home/mac/datasets/ace_librispeech/rir1/4507-16021-0053.wav, 55.12323221282575, 54.47345816486127, 68.54986480583554, 229.13845057649615, 59.49886553294732, 64.92108979557196, 215.80049869527326
/rds/general/user/dtj20/home/mac/datasets/ace_librispeech/rir1/8224-274384-0000.wav, 60.24263284183263, 73.69700367965925, 64.35721951929924, 47.368454150721305, 52.25281820150508, 57.46992663573821, 64.49905353397044
/rds/general/user/dtj20/home/mac/datasets/ace_librispeech/rir1/2094-142345-0016.wav, 50.122549321998584, 51.36420741053512, 62.46963648519851, 73.15134466586021, 44.99128798217037, 56.91993568318149, 222.17030629064175
/rds/general/user/dtj20/home/mac/datasets/ace_librispeech/rir1/6313-76958-0007.wav, 59.537252705982276, 47.84071699442849, 48.899892785768095, 37.83725536738551, 56.01529214036388, 54.83680581108786, 60.87353410916939
/rds/general/user/dtj20/home/mac/datasets/ace_librispeech/rir1/8230-279154-0033.wav, 60.93568867132248, 51.03511658435882, 60.7595320338735, 53.61614551877895, 58.41275647881885, 49.915374696363955, 51.53135991460842
/rds/general/user/dtj20/home/mac/datasets/ace_librispeech/rir1/4507-16021-0053.wav, 55.166659824931166, 62.78937606276665, 51.40180590681682, 228.53879192471373, 48.84418068688595, 67.80311952974048, 224.97226807429644
/rds/general/user/dtj20/home/mac/datasets/ace_librispeech/rir1/8224-274384-0000.wav, 60.368282823677994, 61.129174940879395, 63.85158086427538, 44.865792795190124, 60.45918560170482, 60.00916599056902, 59.178065709317664
/rds/general/user/dtj20/home/mac/datasets/ace_librispeech/rir1/2094-142345-0016.wav, 52.91956645324538, 59.93033791881162, 47.745392742182496, 45.36409337475863, 47.455531938496065, 43.3993505750517, 191.67030305237415
/rds/general/user/dtj20/home/mac/datasets/ace_librispeech/rir1/6313-76958-0007.wav, 48.18053293665234, 59.842611944203526, 61.34536165181957, 48.34704621734619, 64.33521952660033, 53.96054871963925, 72.54194075774285
/rds/general/user/dtj20/home/mac/datasets/ace_librispeech/rir1/8230-279154-0033.wav, 66.99580948336597, 60.11837297667624, 58.07569097551284, 52.43720696245443, 50.74999120225062, 59.97993368037213, 66.99485124348499
/rds/general/user/dtj20/home/mac/datasets/ace_librispeech/rir1/4507-16021-0053.wav, 57.19541103344815, 54.18655430719686, 60.43174465436755, 228.02016847562382, 46.96131450214065, 51.039971173154406, 215.69492362493335
/rds/general/user/dtj20/home/mac/datasets/ace_librispeech/rir1/8224-274384-0000.wav, 64.49900315929749, 64.75744804558443, 52.193239361147704, 51.51016530231069, 50.20118304781323, 54.87389613622667, 54.579267946918044
/rds/general/user/dtj20/home/mac/datasets/ace_librispeech/rir1/2094-142345-0016.wav, 55.78977153339462, 62.12898147482464, 43.97303700728132, 48.33298612954806, 57.552662966035484, 45.11219397433208, 207.22495887677354
/rds/general/user/dtj20/home/mac/datasets/ace_librispeech/rir1/6313-76958-0007.wav, 47.158939800898416, 46.21187396840807, 45.963688401230954, 52.50351779490028, 48.98508320180365, 42.19044168808275, 43.0392056673152
/rds/general/user/dtj20/home/mac/datasets/ace_librispeech/rir1/8230-279154-0033.wav, 64.60284702942366, 67.77492902355613, 50.746369690760595, 77.77521900258547, 59.43512305694404, 65.56409044515748, 54.17249066774118
/rds/general/user/dtj20/home/mac/datasets/ace_librispeech/rir1/4507-16021-0053.wav, 57.41638098819085, 59.05291543126736, 54.10311823888993, 226.05009087699682, 49.61653486473761, 51.25268491924031, 209.5770915468984
/rds/general/user/dtj20/home/mac/datasets/ace_librispeech/rir1/8224-274384-0000.wav, 49.48194710553538, 52.50521537704224, 60.16007961673519, 63.010578967785165, 56.428591598033265, 52.585933196028584, 54.38115414840753
/rds/general/user/dtj20/home/mac/datasets/ace_librispeech/rir1/2094-142345-0016.wav, 48.75744007342863, 46.37823904553147, 54.447815097218275, 45.20085135729459, 50.402236532548415, 50.43659211406271, 214.57478738314052
/rds/general/user/dtj20/home/mac/datasets/ace_librispeech/rir1/6313-76958-0007.wav, 48.9168953245808, 60.571798115204814, 56.96293540039527, 46.37872051479437, 68.71873342323701, 42.04551467744288, 59.92725954702713
/rds/general/user/dtj20/home/mac/datasets/ace_librispeech/rir1/8230-279154-0033.wav, 61.141113572898256, 55.347940798217735, 50.47206092214226, 52.57537753182164, 63.224320808864235, 51.36857630879982, 61.35793764066221
/rds/general/user/dtj20/home/mac/datasets/ace_librispeech/rir1/4507-16021-0053.wav, 49.18803902701256, 52.603473729824486, 61.69250190752987, 240.26770152021254, 45.978893490973306, 56.67798709500393, 215.98901325699498
/rds/general/user/dtj20/home/mac/datasets/ace_librispeech/rir1/8224-274384-0000.wav, 68.22701289876966, 55.38550942785911, 52.1986676955228, 47.345097034505045, 55.826735140054225, 46.35149762080818, 74.898609420356
/rds/general/user/dtj20/home/mac/datasets/ace_librispeech/rir1/2094-142345-0016.wav, 53.709782396664224, 49.053473324526564, 59.15558232034405, 53.01148499113323, 44.6491836141542, 48.38332750586369, 208.5458340170079
/rds/general/user/dtj20/home/mac/datasets/ace_librispeech/rir1/6313-76958-0007.wav, 50.185780248520246, 62.05984302927601, 45.51184639624427, 43.95163980464619, 51.55175524779253, 50.93043205128971, 56.153500889450434
/rds/general/user/dtj20/home/mac/datasets/ace_librispeech/rir1/8230-279154-0033.wav, 53.84037743551758, 60.780044761861525, 54.09274157448102, 61.20310125552038, 53.02040290495618, 52.40699784450801, 53.40510240560139
/rds/general/user/dtj20/home/mac/datasets/ace_librispeech/rir1/4507-16021-0053.wav, 53.08989693369937, 54.74881071595981, 49.08102830362725, 243.35803757290813, 60.2585343543994, 53.09231686164544, 207.71023669371243
/rds/general/user/dtj20/home/mac/datasets/ace_librispeech/rir1/8224-274384-0000.wav, 51.17924768073104, 54.45941454463827, 55.05980406133368, 74.9130389190183, 62.13090124267811, 67.39269431238102, 63.37007796646809
/rds/general/user/dtj20/home/mac/datasets/ace_librispeech/rir1/2094-142345-0016.wav, 56.133307414008655, 51.64494078835532, 48.822426095060024, 44.75073911496388, 70.2284579487875, 42.3727057594684, 202.8741657979518
/rds/general/user/dtj20/home/mac/datasets/ace_librispeech/rir1/6313-76958-0007.wav, 50.83339581834465, 63.97910704535853, 47.86653574417181, 55.169543110914844, 54.72153212906246, 52.84185614237644, 52.61261788925129
/rds/general/user/dtj20/home/mac/datasets/ace_librispeech/rir1/8230-279154-0033.wav, 53.41273106688184, 50.92753424360509, 51.8283132741469, 50.86820029465023, 53.79307552973571, 56.73223736280175, 54.3796010412285
/rds/general/user/dtj20/home/mac/datasets/ace_librispeech/rir1/4507-16021-0053.wav, 57.963177584311126, 75.72224841453158, 53.85079165533364, 244.91011575774198, 56.67964862558346, 58.03303566582478, 198.95810224753734
/rds/general/user/dtj20/home/mac/datasets/ace_librispeech/rir1/8224-274384-0000.wav, 57.3348077645964, 57.32254933857326, 55.76431458276915, 50.865932579045705, 75.69788883929792, 51.57108718891828, 53.91736800109679
/rds/general/user/dtj20/home/mac/datasets/ace_librispeech/rir1/2094-142345-0016.wav, 59.157113313868265, 58.945355893400624, 55.97416190384991, 69.59122586663364, 61.835773631879974, 47.44307668299113, 207.7809612740687
