/rds/general/user/dtj20/home/mac/datasets/ace_librispeech/rir1/6313-76958-0007.wav, 39.85717330695932, 48.6282545939937, 44.87507826159359, 39.54670199904249, 53.325682114944655, 47.17967124698124, 56.90275312857939
/rds/general/user/dtj20/home/mac/datasets/ace_librispeech/rir1/8230-279154-0033.wav, 58.37518206945589, 54.86448807312853, 51.08138516447062, 48.16309149062256, 52.398467713829724, 65.9988388966513, 59.054640491154814
/rds/general/user/dtj20/home/mac/datasets/ace_librispeech/rir1/4507-16021-0053.wav, 46.86412869013414, 52.51345478758044, 57.69967153651408, 242.17913079346826, 46.92872668074194, 54.74198559294142, 177.46494971193582
/rds/general/user/dtj20/home/mac/datasets/ace_librispeech/rir1/8224-274384-0000.wav, 66.32669938822549, 55.1443907701432, 57.84765071048973, 43.92165526639667, 51.67000796132261, 51.97572922176497, 60.63707462661095
/rds/general/user/dtj20/home/mac/datasets/ace_librispeech/rir1/2094-142345-0016.wav, 52.81924507027593, 76.02616025179579, 54.186279372595685, 75.71332018970514, 53.29419831252645, 48.01613713297581, 160.15331675475935
/rds/general/user/dtj20/home/mac/datasets/ace_librispeech/rir1/6313-76958-0007.wav, 48.217611383117074, 57.15271930940589, 52.00364014582302, 44.44060826151624, 49.75913024081041, 56.89792991824825, 63.892460694057405
/rds/general/user/dtj20/home/mac/datasets/ace_librispeech/rir1/8230-279154-0033.wav, 56.76519736361384, 59.59733027219013, 45.67675139729863, 51.61984049560935, 90.36704316450928, 59.327392981274414, 51.4671339708979
/rds/general/user/dtj20/home/mac/datasets/ace_librispeech/rir1/4507-16021-0053.wav, 49.93456419068049, 56.83004238647355, 48.00176219882941, 237.27562041970148, 58.017556784151544, 85.36916899609056, 196.93381145626262
/rds/general/user/dtj20/home/mac/datasets/ace_librispeech/rir1/8224-274384-0000.wav, 53.88262946495428, 59.862947908842585, 69.4561202285336, 54.538361886737945, 58.56765939415426, 57.92416338065641, 45.75657308803358
/rds/general/user/dtj20/home/mac/datasets/ace_librispeech/rir1/2094-142345-0016.wav, 61.46900100919502, 54.486636650414695, 79.65313108837907, 45.87583183534281, 46.907502607081646, 44.20262607103032, 219.64804476960063
/rds/general/user/dtj20/home/mac/datasets/ace_librispeech/rir1/6313-76958-0007.wav, 55.326479371386725, 47.3939266051959, 51.89049458581512, 54.932661892486834, 41.368857049225134, 39.4661309354617, 60.24060705839087
/rds/general/user/dtj20/home/mac/datasets/ace_librispeech/rir1/8230-279154-0033.wav, 59.151439159757196, 56.63030863915569, 68.76328178631076, 71.82296973096119, 50.00151559178274, 50.73088149768886, 53.04056185304104
/rds/general/user/dtj20/home/mac/datasets/ace_librispeech/rir1/4507-16021-0053.wav, 58.029866627826216, 46.08928886728827, 66.70293685505416, 260.6679704877034, 58.151120287418706, 59.1343396342713, 187.0565158631083
/rds/general/user/dtj20/home/mac/datasets/ace_librispeech/rir1/8224-274384-0000.wav, 61.96244422795157, 51.30775305740958, 54.07705974619341, 46.34391523553484, 70.03574693869132, 64.80397339165954, 52.3093285298045
/rds/general/user/dtj20/home/mac/datasets/ace_librispeech/rir1/2094-142345-0016.wav, 54.45966009089118, 46.7029995292165, 55.86847771533143, 56.28918900757754, 52.88805261981378, 87.5192238687101, 207.71894684402284
/rds/general/user/dtj20/home/mac/datasets/ace_librispeech/rir1/6313-76958-0007.wav, 66.31429387158819, 52.29587492865703, 58.20669386860101, 46.65766812587329, 63.91142987214225, 61.87975522083764, 55.59795708909015
/rds/general/user/dtj20/home/mac/datasets/ace_librispeech/rir1/8230-279154-0033.wav, 51.01741144107058, 53.21878641213019, 77.83352533015032, 63.50328504671707, 59.791811893663294, 59.553249243345476, 59.744680326389776
/rds/general/user/dtj20/home/mac/datasets/ace_librispeech/rir1/4507-16021-0053.wav, 62.45199257820022, 58.192969544588955, 52.07657308988506, 245.12267926947152, 82.0281261977797, 63.879609029720186, 190.2143456451117
/rds/general/user/dtj20/home/mac/datasets/ace_librispeech/rir1/8224-274384-0000.wav, 79.59301721804297, 56.11003977652513, 46.31058412009626, 58.98845007811177, 54.48641171179759, 66.42112715906416, 61.21666754787219
/rds/general/user/dtj20/home/mac/datasets/ace_librispeech/rir1/2094-142345-0016.wav, 45.81242519077652, 46.797544867976185, 46.31857128423701, 50.0825980815672, 54.787116188924365, 45.24381439781731, 225.2234967963828
/rds/general/user/dtj20/home/mac/datasets/ace_librispeech/rir1/6313-76958-0007.wav, 87.98835384004411, 54.87542874139074, 56.88066220825198, 66.71240238627892, 45.68640067670266, 51.6514545841344, 52.793026484858466
/rds/general/user/dtj20/home/mac/datasets/ace_librispeech/rir1/8230-279154-0033.wav, 56.526837323250014, 79.94210109484774, 50.797382511984175, 83.04980321014085, 52.43643601078192, 60.62703682260312, 71.4597228306508
/rds/general/user/dtj20/home/mac/datasets/ace_librispeech/rir1/4507-16021-0053.wav, 61.03017102202172, 50.52909560217509, 51.382054547214544, 255.25567563618822, 53.10161133218625, 55.80332511729077, 204.5497168900315
/rds/general/user/dtj20/home/mac/datasets/ace_librispeech/rir1/8224-274384-0000.wav, 57.54005014453042, 64.9368897877686, 70.55254416681167, 50.55274895078561, 75.97223728195159, 56.117686975870754, 84.16261639141204
/rds/general/user/dtj20/home/mac/datasets/ace_librispeech/rir1/2094-142345-0016.wav, 60.16332192431139, 77.17260599347394, 43.76447498099827, 50.68576260729556, 39.44808279104335, 58.984036470641016, 206.91049649293444
/rds/general/user/dtj20/home/mac/datasets/ace_librispeech/rir1/6313-76958-0007.wav, 51.623838765417446, 47.80384975890668, 53.53429731355328, 41.641617393532606, 48.21744555793813, 64.5425707430215, 52.31141225884926
/rds/general/user/dtj20/home/mac/datasets/ace_librispeech/rir1/8230-279154-0033.wav, 60.83614619784309, 63.01676040959268, 74.34216942153141, 46.36569276112557, 56.79393675745874, 53.982965180205426, 60.33975633465761
/rds/general/user/dtj20/home/mac/datasets/ace_librispeech/rir1/4507-16021-0053.wav, 56.132407967036386, 56.22645216936447, 51.540430368767474, 267.60439342368943, 79.35554852036181, 67.2406306532742, 186.97598583288652
/rds/general/user/dtj20/home/mac/datasets/ace_librispeech/rir1/8224-274384-0000.wav, 64.19031734941794, 55.24060751479094, 51.90595980755107, 50.011555443967104, 62.61502174640575, 58.36166868674026, 55.18377403703228
/rds/general/user/dtj20/home/mac/datasets/ace_librispeech/rir1/2094-142345-0016.wav, 50.50484391388962, 50.89643119988918, 77.41058944389827, 67.7272594974244, 43.436744199000586, 48.96122172782568, 257.9141230752
/rds/general/user/dtj20/home/mac/datasets/ace_librispeech/rir1/6313-76958-0007.wav, 63.71374650943592, 92.98835898929838, 49.93384776146155, 60.68572775234891, 48.47555379674222, 42.62774215675592, 78.96637428563955
/rds/general/user/dtj20/home/mac/datasets/ace_librispeech/rir1/8230-279154-0033.wav, 58.13600147934021, 48.63233103360703, 56.786768957203606, 46.81907913190912, 60.171319799842976, 58.38600371935804, 65.73479020794488
/rds/general/user/dtj20/home/mac/datasets/ace_librispeech/rir1/4507-16021-0053.wav, 50.71278628392254, 55.78851394094575, 50.45064283531728, 239.88145017819502, 50.44127746536972, 49.31680216423263, 202.0392876565333
/rds/general/user/dtj20/home/mac/datasets/ace_librispeech/rir1/8224-274384-0000.wav, 49.91701592222637, 74.80678250355908, 79.0178106190607, 61.546364902555055, 50.007576680700296, 56.187131716182165, 74.00327448738544
/rds/general/user/dtj20/home/mac/datasets/ace_librispeech/rir1/2094-142345-0016.wav, 43.23275484704196, 48.308143277586915, 45.743567388678855, 56.19570834768446, 50.59312933435493, 57.19759501845605, 209.10594699822823
/rds/general/user/dtj20/home/mac/datasets/ace_librispeech/rir1/6313-76958-0007.wav, 47.79046423178833, 63.28497083561875, 75.05005325518162, 42.35051042618597, 49.76084864357731, 51.65528591820214, 55.268095613742034
/rds/general/user/dtj20/home/mac/datasets/ace_librispeech/rir1/8230-279154-0033.wav, 57.60542044224313, 68.57398783154048, 47.766145018556884, 44.47382212308473, 58.71675399511336, 71.24147089891645, 51.536755271457736
/rds/general/user/dtj20/home/mac/datasets/ace_librispeech/rir1/4507-16021-0053.wav, 62.897018782489276, 50.9722977730778, 62.59717240438546, 235.33795087246136, 56.703849275902904, 52.82398871232438, 219.97567008533937
/rds/general/user/dtj20/home/mac/datasets/ace_librispeech/rir1/8224-274384-0000.wav, 57.48171950682374, 78.99268256106566, 67.66688036161993, 61.53173314249668, 58.26040856314136, 53.26820757216989, 52.27573499394011
/rds/general/user/dtj20/home/mac/datasets/ace_librispeech/rir1/2094-142345-0016.wav, 49.507506581181076, 58.85840594430099, 47.708785795785175, 45.956425988141774, 59.57869336960602, 54.174893645186934, 213.00384508026926
/rds/general/user/dtj20/home/mac/datasets/ace_librispeech/rir1/6313-76958-0007.wav, 58.44200812472177, 49.721363296355186, 47.168297240841916, 38.65566206777576, 49.703688125265195, 55.1044742729535, 53.10947986524702
/rds/general/user/dtj20/home/mac/datasets/ace_librispeech/rir1/8230-279154-0033.wav, 50.64302820872015, 77.03059944895612, 55.45378666490151, 49.46840191176871, 59.98526291434486, 54.82215447785791, 50.86359850371446
/rds/general/user/dtj20/home/mac/datasets/ace_librispeech/rir1/4507-16021-0053.wav, 60.11567116367629, 69.25587582886875, 73.3770139013958, 236.11478551503777, 75.90398872982706, 58.46401296198885, 206.09712436363208
/rds/general/user/dtj20/home/mac/datasets/ace_librispeech/rir1/8224-274384-0000.wav, 56.254132394875796, 60.89163165114334, 61.80893222090447, 67.2346403861041, 60.246199895922004, 64.37191978703584, 76.00533709586674
/rds/general/user/dtj20/home/mac/datasets/ace_librispeech/rir1/2094-142345-0016.wav, 42.298421544291394, 49.76080532952481, 49.332080916912595, 58.85472650047276, 39.44349530758774, 47.06290710574009, 195.55226799965573
/rds/general/user/dtj20/home/mac/datasets/ace_librispeech/rir1/6313-76958-0007.wav, 48.30851574546435, 53.59318466218433, 85.5843918357445, 52.26238102898132, 57.64567563052331, 59.323073926222996, 51.18245073690255
/rds/general/user/dtj20/home/mac/datasets/ace_librispeech/rir1/8230-279154-0033.wav, 55.67829316359045, 56.239854655186306, 50.13004544496492, 47.38200730980138, 75.84159029248674, 50.414963047871666, 66.54232178593927
/rds/general/user/dtj20/home/mac/datasets/ace_librispeech/rir1/4507-16021-0053.wav, 57.37166851675362, 65.40095326614119, 61.292449264345265, 244.95383132924843, 51.98286514746668, 55.915937316409995, 190.22863102721502
/rds/general/user/dtj20/home/mac/datasets/ace_librispeech/rir1/8224-274384-0000.wav, 53.182171551110756, 71.90288041433622, 52.970619174283925, 61.8282995713411, 50.99446370180921, 52.532943731126466, 67.2348452643244
/rds/general/user/dtj20/home/mac/datasets/ace_librispeech/rir1/2094-142345-0016.wav, 87.92842105729594, 57.98609964669906, 39.78182705259412, 61.03054140106086, 41.246753558391404, 58.38448344124953, 200.7242448511684
