/rds/general/user/dtj20/home/signals/NUANCE_SIGNALS/all/P2_1284-1180-0001.wav, -41.59731550228094, -43.85876808697545, -48.68677394023151, -47.86528847071797, -43.751399117269784, -40.9955539177114, -39.89325886954613
/rds/general/user/dtj20/home/signals/NUANCE_SIGNALS/all/P1_3570-5694-0014.wav, -44.903380526613674, -48.35414377621629, -53.2767192619827, -50.48325109370162, -45.51316275395534, -43.26745732236798, -43.6521283886225
/rds/general/user/dtj20/home/signals/NUANCE_SIGNALS/all/D1_1284-1180-0001.wav, -45.62227873314914, -48.40746835186969, -53.73109419870089, -52.713528453567555, -47.441950134698644, -44.184621367656966, -42.65585288691042
/rds/general/user/dtj20/home/signals/NUANCE_SIGNALS/all/P1_121-121726-0004.wav, -42.52496844870176, -44.038199908184865, -49.04445298549619, -47.90527717092766, -45.31318205727757, -42.63705748824566, -42.14892527368221
/rds/general/user/dtj20/home/signals/NUANCE_SIGNALS/all/P2_1580-141083-0008.wav, -41.21424641246688, -42.73008067769812, -45.448331378707785, -44.195564437883036, -42.018571317948066, -40.72820586661186, -40.759861543051315
/rds/general/user/dtj20/home/signals/NUANCE_SIGNALS/all/D2_3575-170457-0020.wav, -44.21838171088204, -46.44438722159231, -50.47234581507595, -49.211672944471594, -45.501420460098664, -43.161432870691954, -42.75181165598782
/rds/general/user/dtj20/home/signals/NUANCE_SIGNALS/all/D2_2300-131720-0008.wav, -45.78266913903616, -48.350922643648374, -51.63350490275421, -50.728532519537026, -47.40720471525406, -45.70994785597154, -44.90494476100352
/rds/general/user/dtj20/home/signals/NUANCE_SIGNALS/all/P2_1995-1826-0015.wav, -43.15125266151391, -45.23659612924363, -49.51811562818119, -48.532719596749715, -45.18594453855175, -43.10048839742105, -42.45967305045969
/rds/general/user/dtj20/home/signals/NUANCE_SIGNALS/all/P1_1320-122612-0016.wav, -46.349640072098374, -48.48577077123197, -50.47335172286233, -49.67451723460793, -47.39221238913327, -45.31629816859444, -45.66269663489666
/rds/general/user/dtj20/home/signals/NUANCE_SIGNALS/all/D1_3575-170457-0000.wav, -44.388862373511586, -46.81285552180965, -51.5568426670182, -50.21818087494265, -45.425664622107284, -42.595844126901994, -41.72583158887076
/rds/general/user/dtj20/home/signals/NUANCE_SIGNALS/all/D2_1089-134686-0016.wav, -49.86340111132489, -51.5837265278164, -55.915425482846935, -55.26416654289861, -51.335029436016825, -49.21823536759908, -48.69083564899248
/rds/general/user/dtj20/home/signals/NUANCE_SIGNALS/all/D1_121-121726-0000.wav, -44.76290013753781, -46.53398293368796, -50.33401943978008, -48.91148194443371, -44.97885936895795, -43.479800962578416, -42.684448108651935
/rds/general/user/dtj20/home/signals/NUANCE_SIGNALS/all/D2_1580-141083-0000.wav, -42.81453789902862, -46.50232795757329, -48.93173554434551, -45.62772130038837, -43.87033579046286, -46.05661334727235, -44.26077178196691
/rds/general/user/dtj20/home/signals/NUANCE_SIGNALS/all/P1_1580-141083-0004.wav, -43.37594180376661, -42.13698078531699, -50.397103687889995, -47.817554167253135, -46.11546060185691, -45.70640894563439, -46.33963766238626
/rds/general/user/dtj20/home/signals/NUANCE_SIGNALS/all/D1_1580-141083-0004.wav, -48.49630496604584, -49.14065828103002, -52.87708113576085, -51.178600817954276, -48.18466920524586, -47.30170480071858, -46.64664990175976
/rds/general/user/dtj20/home/signals/NUANCE_SIGNALS/all/D2_1284-1180-0011.wav, -40.47661050681468, -42.76373191888431, -47.73835542616909, -47.16734206724125, -42.85055179152549, -39.8177835832299, -38.6413907312985
/rds/general/user/dtj20/home/signals/NUANCE_SIGNALS/all/P2_1580-141083-0014.wav, -36.093080311752516, -31.471133208458152, -32.136909754317934, -39.59649517959687, -34.06784252107378, -34.07212935799454, -32.141252054163786
/rds/general/user/dtj20/home/signals/NUANCE_SIGNALS/all/P2_1320-122612-0013.wav, -42.66586195918248, -43.21459148153516, -46.33574906688814, -44.841180909230815, -43.96806993425535, -43.805697522195935, -43.05206231704921
/rds/general/user/dtj20/home/signals/NUANCE_SIGNALS/all/D2_1089-134686-0000.wav, -47.32273405117026, -49.21694666856582, -53.18267203107471, -51.38812429398651, -47.04013840217463, -44.977381324788475, -44.96514178611161
/rds/general/user/dtj20/home/signals/NUANCE_SIGNALS/all/P2_1320-122612-0009.wav, -37.27339379787527, -38.919953021695115, -43.50178878685675, -42.87450554695194, -38.367555737347, -36.08822902425556, -35.66711066525874
/rds/general/user/dtj20/home/signals/NUANCE_SIGNALS/all/D1_3570-5694-0012.wav, -46.66017229478587, -49.59732894573018, -55.04109234270881, -53.641790919229365, -48.10942351142741, -44.9557378039609, -43.658669503763065
/rds/general/user/dtj20/home/signals/NUANCE_SIGNALS/all/P1_1995-1826-0017.wav, -48.66962934205447, -50.56542018372117, -54.386027880944056, -53.15170208246122, -50.83299058569377, -48.421605018979925, -47.157054893933015
/rds/general/user/dtj20/home/signals/NUANCE_SIGNALS/all/D1_1995-1826-0015.wav, -47.92912004113474, -49.050940350138426, -53.962585431647796, -52.643912945462354, -49.234775223221874, -46.355794865524935, -44.70710179395111
/rds/general/user/dtj20/home/signals/NUANCE_SIGNALS/all/D1_1995-1826-0009.wav, -50.1838896078566, -52.21633772697, -56.54154381679602, -55.37691600286644, -51.53496259410326, -48.77776252733449, -47.10934480838834
/rds/general/user/dtj20/home/signals/NUANCE_SIGNALS/all/D1_1320-122612-0009.wav, -46.084277792269575, -48.86344871650741, -53.78131747672012, -52.482423990072974, -47.25032029692982, -44.019728857286175, -42.67829154154194
/rds/general/user/dtj20/home/signals/NUANCE_SIGNALS/all/P1_3575-170457-0001.wav, -42.46475297814773, -44.61539778462398, -47.90802785002522, -47.634743404978046, -43.859276164674924, -41.40893254505226, -41.58473836637587
/rds/general/user/dtj20/home/signals/NUANCE_SIGNALS/all/D2_1995-1826-0015.wav, -42.101828618100356, -41.520148514328255, -44.32928321863849, -49.089886942754916, -42.73667834939475, -42.940841031551315, -41.36419268089461
/rds/general/user/dtj20/home/signals/NUANCE_SIGNALS/all/P2_2300-131720-0008.wav, -41.62909267939896, -43.60618047889945, -46.67982179056803, -45.57985300393619, -42.892008990736755, -41.0270597985588, -40.54775827219033
/rds/general/user/dtj20/home/signals/NUANCE_SIGNALS/all/P2_3575-170457-0013.wav, -41.52234213055656, -43.36480690236712, -47.28333290348551, -45.106194146256485, -42.68920642334915, -41.29868072998863, -40.55305571226534
/rds/general/user/dtj20/home/signals/NUANCE_SIGNALS/all/P1_3575-170457-0008.wav, -45.764773947801054, -48.152149077289856, -52.27865964735366, -50.57905612381384, -46.16650634096607, -44.18161984505125, -44.575114029908505
/rds/general/user/dtj20/home/signals/NUANCE_SIGNALS/all/D1_1320-122612-0013.wav, -47.779635619778034, -48.777487985913304, -52.851810015925594, -50.59979988057418, -48.60810722551537, -47.56424074941188, -46.72718600937709
/rds/general/user/dtj20/home/signals/NUANCE_SIGNALS/all/P2_1995-1826-0021.wav, -45.673898371617334, -47.92626697813083, -51.90107133154182, -50.80618753902735, -47.66574305333255, -45.10616614231674, -43.91731943953729
/rds/general/user/dtj20/home/signals/NUANCE_SIGNALS/all/D1_237-126133-0007.wav, -44.78238109460436, -43.02461449537574, -47.70417906923822, -46.14072383043593, -41.3002043213686, -42.559822999662764, -42.80397208314131
/rds/general/user/dtj20/home/signals/NUANCE_SIGNALS/all/D1_1089-134686-0000.wav, -47.61620614936537, -49.70375290026332, -55.0213543509643, -53.33945834954651, -48.854306711163595, -46.2426278209196, -45.169838328335786
/rds/general/user/dtj20/home/signals/NUANCE_SIGNALS/all/P1_1995-1826-0000.wav, -49.19940127500354, -51.92193932855431, -56.124596480307225, -55.870348234118566, -51.79338444875006, -48.73653424350695, -47.07634142943307
/rds/general/user/dtj20/home/signals/NUANCE_SIGNALS/all/P1_1089-134686-0016.wav, -49.88013412444217, -51.77159686851769, -55.79918089628359, -54.91812065641156, -50.90632480311375, -48.57357879986853, -48.25675029892828
/rds/general/user/dtj20/home/signals/NUANCE_SIGNALS/all/P1_1995-1826-0015.wav, -46.60939521003311, -49.56099811822101, -53.489339792650924, -51.6174225659007, -47.471406160194185, -45.487120033382766, -45.69619407941566
/rds/general/user/dtj20/home/signals/NUANCE_SIGNALS/all/P1_3575-170457-0000.wav, -42.94065891174985, -45.00369760417301, -49.34419693186123, -46.7735362413695, -43.56544590685984, -41.68304518480606, -41.50914489248984
/rds/general/user/dtj20/home/signals/NUANCE_SIGNALS/all/P2_3570-5694-0014.wav, -41.89036106359542, -43.83746884145832, -46.910327366536876, -47.11682627196025, -43.319251636824944, -42.04091607545757, -41.21759587594867
/rds/general/user/dtj20/home/signals/NUANCE_SIGNALS/all/P2_1089-134686-0004.wav, -40.08295040877729, -42.190038050238854, -46.736836470548454, -45.12313341202932, -41.74272041404802, -40.22384711296132, -39.554057108398936
/rds/general/user/dtj20/home/signals/NUANCE_SIGNALS/all/D2_1580-141083-0013.wav, -41.168406700331595, -42.61356111624616, -46.020041909756685, -46.40965082793759, -42.99216676768617, -41.466067144586134, -41.51714136506813
/rds/general/user/dtj20/home/signals/NUANCE_SIGNALS/all/P1_3575-170457-0013.wav, -44.1930004901605, -46.99090895670474, -51.378194235807904, -49.81528675093101, -45.395220721091945, -43.186033332365774, -43.42515965473251
/rds/general/user/dtj20/home/signals/NUANCE_SIGNALS/all/D2_1580-141083-0008.wav, -42.57472913534143, -45.34894616806674, -48.76979537500731, -48.25787525318893, -44.82742283041687, -43.35116172912599, -43.26188652134743
/rds/general/user/dtj20/home/signals/NUANCE_SIGNALS/all/P2_1995-1826-0017.wav, -43.402946315748565, -41.49298591144706, -41.32777749178015, -43.256635016297516, -37.62155052024225, -41.86765023769204, -40.31899829407274
/rds/general/user/dtj20/home/signals/NUANCE_SIGNALS/all/D1_3570-5694-0011.wav, -48.75361462444111, -50.72910118858515, -55.00243327582687, -54.78045273048998, -50.205403292644945, -47.25237273074057, -45.893034803148964
/rds/general/user/dtj20/home/signals/NUANCE_SIGNALS/all/P2_2300-131720-0005.wav, -38.37397001453544, -39.865571009704034, -44.47595850502982, -43.23960918724305, -40.31794901284633, -37.7705799212987, -37.03082729759576
/rds/general/user/dtj20/home/signals/NUANCE_SIGNALS/all/P1_121-121726-0007.wav, -45.63677267591696, -46.32852971323078, -50.16568718295697, -49.429986222372825, -46.63153697360828, -45.405361572546674, -44.96891043080147
/rds/general/user/dtj20/home/signals/NUANCE_SIGNALS/all/P1_1089-134686-0008.wav, -47.95698615879864, -50.090886219365665, -53.45235038620032, -51.15223832813734, -48.40646075684215, -47.06144867002913, -46.71677337106041
/rds/general/user/dtj20/home/signals/NUANCE_SIGNALS/all/D1_237-126133-0008.wav, -50.10081064344035, -51.68819586248549, -56.725917384154265, -55.21946221068185, -50.27009480128417, -47.93230965815698, -47.28225161874032
/rds/general/user/dtj20/home/signals/NUANCE_SIGNALS/all/P1_3575-170457-0020.wav, -40.11535771286955, -44.64022848467803, -47.23020537074582, -41.36513301596317, -36.23310885517022, -34.956413445145984, -38.09264655443237
/rds/general/user/dtj20/home/signals/NUANCE_SIGNALS/all/D2_121-121726-0004.wav, -45.857076830760974, -47.80646026207101, -51.538975584471906, -49.86115145920184, -46.78024657305088, -45.0157941554124, -45.143011077393155
/rds/general/user/dtj20/home/signals/NUANCE_SIGNALS/all/D2_3570-5694-0011.wav, -47.89734618710827, -50.12507784425266, -54.816325257185625, -54.01979377378561, -49.75009081657562, -47.43358031212621, -46.25131915366026
/rds/general/user/dtj20/home/signals/NUANCE_SIGNALS/all/P2_237-126133-0008.wav, -38.16861868912574, -42.6002509811363, -48.611053475750914, -45.074495060246036, -39.48250926232702, -36.868284233574585, -37.555097994239
/rds/general/user/dtj20/home/signals/NUANCE_SIGNALS/all/D2_1995-1826-0000.wav, -47.99453764398145, -50.46297611767983, -52.93276983877321, -53.04092787764411, -49.156678208451126, -46.84017380065464, -46.4070194001161
/rds/general/user/dtj20/home/signals/NUANCE_SIGNALS/all/P2_1580-141083-0000.wav, -39.28716129910097, -41.16040085692897, -45.030150864923726, -44.051939596417654, -41.99231692952364, -41.72408411043235, -43.101158444646764
/rds/general/user/dtj20/home/signals/NUANCE_SIGNALS/all/D2_3575-170457-0001.wav, -41.69140648837069, -43.597732971601566, -47.959631272671544, -45.97321138630765, -43.134250152019504, -40.926951120992136, -40.67375861556832
/rds/general/user/dtj20/home/signals/NUANCE_SIGNALS/all/P1_1580-141083-0000.wav, -44.39829166596602, -44.19812561481724, -44.33699740295339, -45.27439641248269, -44.77784238246326, -41.218441695316024, -43.91924478654541
/rds/general/user/dtj20/home/signals/NUANCE_SIGNALS/all/P2_3575-170457-0001.wav, -36.03192486213726, -39.00182368932269, -43.1294246779685, -41.70763466527441, -37.680676691043274, -35.669329077754746, -35.640706828022864
/rds/general/user/dtj20/home/signals/NUANCE_SIGNALS/all/D1_3575-170457-0020.wav, -44.01105598813801, -46.66861256841527, -51.3769155699541, -48.901982391883195, -43.803145943887436, -40.93246516447906, -40.09440483491616
/rds/general/user/dtj20/home/signals/NUANCE_SIGNALS/all/P1_2300-131720-0005.wav, -42.42516435879968, -44.38228873313305, -48.867727910257074, -47.83751775636465, -44.23492431506112, -41.973728724234945, -40.79949580474097
/rds/general/user/dtj20/home/signals/NUANCE_SIGNALS/all/P2_1320-122612-0001.wav, -33.07440371326208, -34.51867841245424, -39.04327331177864, -38.31600200626139, -35.09277546777801, -32.87066715767943, -32.272272109206675
/rds/general/user/dtj20/home/signals/NUANCE_SIGNALS/all/P2_121-121726-0004.wav, -42.011561622590115, -42.958917257270635, -46.66079806025384, -45.26839936149802, -43.096681730823, -41.45949400103571, -41.516210111171254
/rds/general/user/dtj20/home/signals/NUANCE_SIGNALS/all/D1_2300-131720-0016.wav, -44.25529346280055, -46.50892055322234, -50.53582300354936, -49.27052549632626, -45.002688670711564, -42.76287983839903, -42.04669394056082
/rds/general/user/dtj20/home/signals/NUANCE_SIGNALS/all/P1_1320-122612-0009.wav, -45.094755436332875, -47.68438251551579, -52.036752611579395, -50.650265239739056, -46.38051863596424, -43.96659172695236, -43.29057976962025
/rds/general/user/dtj20/home/signals/NUANCE_SIGNALS/all/D1_1580-141083-0000.wav, -49.0386963384655, -49.61927683429023, -52.56452916713677, -52.401515935289076, -49.192583885860905, -47.407902463555025, -47.345315765524546
/rds/general/user/dtj20/home/signals/NUANCE_SIGNALS/all/D2_1089-134686-0022.wav, -47.061254045634286, -49.35046102175335, -54.29595105779051, -53.10356489665406, -49.35012813314859, -46.96369774253999, -45.68705179346588
/rds/general/user/dtj20/home/signals/NUANCE_SIGNALS/all/D1_1995-1826-0000.wav, -50.12582006170548, -53.09269876909782, -57.777880458757956, -56.4573287538483, -52.18274603841426, -48.95405610980822, -47.397896910070266
/rds/general/user/dtj20/home/signals/NUANCE_SIGNALS/all/P2_2300-131720-0016.wav, -39.83593935272718, -41.546534962908666, -45.345961416437234, -44.06620042789149, -41.18294009834714, -39.51568894810638, -38.87468038903389
/rds/general/user/dtj20/home/signals/NUANCE_SIGNALS/all/D2_237-126133-0001.wav, -47.931624834777786, -49.94306210821682, -54.41481592352603, -53.42369203998701, -49.303330499438474, -47.66081963652808, -47.44149691201521
/rds/general/user/dtj20/home/signals/NUANCE_SIGNALS/all/P1_1995-1826-0009.wav, -48.131602411619376, -48.36434086411609, -49.574253687816864, -50.700128509375126, -49.64343121014282, -45.89545052195404, -47.01578071496449
/rds/general/user/dtj20/home/signals/NUANCE_SIGNALS/all/P2_3570-5694-0012.wav, -42.47715544018448, -44.73748848808554, -49.748710849048045, -48.6724324180303, -43.85907808273391, -41.118430899282515, -40.18192862012043
/rds/general/user/dtj20/home/signals/NUANCE_SIGNALS/all/P2_2300-131720-0013.wav, -37.89838740532594, -39.539174229834586, -43.30652606928129, -42.16288843390461, -39.02358611686553, -37.19025528719349, -37.22177454490448
/rds/general/user/dtj20/home/signals/NUANCE_SIGNALS/all/D1_3575-170457-0008.wav, -47.66390108486704, -49.80998709534205, -54.34415457678501, -52.898748329142876, -49.01204702917013, -46.34345800620014, -45.27289908074841
/rds/general/user/dtj20/home/signals/NUANCE_SIGNALS/all/P1_237-126133-0006.wav, -44.83701516136523, -46.7968507954804, -50.70125254101644, -49.12360613676644, -44.465529622200044, -42.68734076262292, -43.250812350102365
/rds/general/user/dtj20/home/signals/NUANCE_SIGNALS/all/P1_1320-122612-0012.wav, -45.950280638398496, -48.248697185505485, -50.82881851687213, -48.68777515257509, -45.857868904633335, -43.678403667964275, -44.741913945091056
/rds/general/user/dtj20/home/signals/NUANCE_SIGNALS/all/D2_1320-122612-0016.wav, -42.18642280038107, -46.94423928295015, -50.24672057395776, -45.38534326188283, -43.83056166484974, -45.23389675756122, -42.36860913285582
/rds/general/user/dtj20/home/signals/NUANCE_SIGNALS/all/P2_1284-1180-0017.wav, -42.87525422497363, -44.86235054587884, -49.4843480125833, -48.76597576505981, -44.95190249759435, -42.33963265563246, -41.14338134833374
/rds/general/user/dtj20/home/signals/NUANCE_SIGNALS/all/P2_1995-1826-0009.wav, -40.19426193473515, -46.19412122102159, -46.02838071597658, -41.99904852140399, -38.04980392020732, -42.08758410747559, -42.803061972821524
/rds/general/user/dtj20/home/signals/NUANCE_SIGNALS/all/D1_2300-131720-0008.wav, -45.59322931568645, -46.18197965786992, -51.365730880815974, -49.85451369284298, -46.435174362160865, -43.863312991215324, -42.72457707330783
/rds/general/user/dtj20/home/signals/NUANCE_SIGNALS/all/D2_1320-122612-0001.wav, -40.86632169499226, -42.733342960443544, -44.79590488743178, -45.4624766417499, -43.8965696059881, -42.19571654026139, -41.62195208440289
/rds/general/user/dtj20/home/signals/NUANCE_SIGNALS/all/D1_1580-141083-0014.wav, -38.25584932247394, -40.00462316931423, -44.14845642129032, -41.628470308288314, -35.99628645549267, -32.92511517241502, -32.62879141302088
/rds/general/user/dtj20/home/signals/NUANCE_SIGNALS/all/P1_237-126133-0001.wav, -47.51801924131209, -49.440795403005204, -53.759505255356004, -52.84275425912648, -48.359776657734876, -46.08039653953149, -46.082045256151005
/rds/general/user/dtj20/home/signals/NUANCE_SIGNALS/all/P2_1580-141083-0004.wav, -43.522624935021184, -43.632012028644, -46.45360681426288, -46.116180011788295, -44.20981237244416, -42.577518549793105, -42.60470225428321
/rds/general/user/dtj20/home/signals/NUANCE_SIGNALS/all/D1_3570-5694-0005.wav, -49.83629844103114, -52.43231756491397, -56.200973604648546, -54.95031880762399, -51.211449919445954, -48.69881319586185, -47.81337234060108
/rds/general/user/dtj20/home/signals/NUANCE_SIGNALS/all/P2_237-126133-0000.wav, -42.2733353775818, -43.08244898668205, -46.90872307477377, -46.66525776356209, -43.8705580339966, -42.92659167371048, -42.8501846665864
/rds/general/user/dtj20/home/signals/NUANCE_SIGNALS/all/D2_237-126133-0008.wav, -50.155061464718536, -52.54095413890589, -56.84037150175392, -56.360203352680514, -52.1570543798491, -49.90349874854425, -49.556882850470636
/rds/general/user/dtj20/home/signals/NUANCE_SIGNALS/all/D1_1284-1180-0017.wav, -46.74107302987595, -49.3183800991975, -54.53903314561237, -53.55939538312518, -48.752402701064156, -45.954741976190334, -44.564163130543584
/rds/general/user/dtj20/home/signals/NUANCE_SIGNALS/all/P1_2300-131720-0008.wav, -45.44837962669733, -47.41775899686005, -51.536003939054055, -50.18123670081705, -45.85481608677636, -43.94136419675738, -44.11490198428959
/rds/general/user/dtj20/home/signals/NUANCE_SIGNALS/all/D1_1284-1180-0003.wav, -45.446656121971856, -48.17448344318235, -53.45336336294969, -52.8592492726661, -47.930122720248, -44.91920079085952, -43.412496511573224
/rds/general/user/dtj20/home/signals/NUANCE_SIGNALS/all/P1_3570-5694-0004.wav, -46.16140652323799, -48.04926535229424, -52.50865748935843, -51.75484582399112, -47.996055204772546, -45.83516102666687, -45.39454796748717
/rds/general/user/dtj20/home/signals/NUANCE_SIGNALS/all/P1_2300-131720-0014.wav, -45.619560597860634, -47.7404028137995, -51.678202431967094, -49.544487685953236, -45.43113525412348, -44.248417989270486, -44.744026177785244
/rds/general/user/dtj20/home/signals/NUANCE_SIGNALS/all/P2_237-126133-0006.wav, -41.54495096299155, -35.142867863577905, -36.66798200039483, -45.216985586149285, -39.240759361628925, -38.635930015283215, -40.17534057562329
/rds/general/user/dtj20/home/signals/NUANCE_SIGNALS/all/P2_1995-1826-0000.wav, -45.07022607877729, -47.395167748062164, -50.98363614735891, -49.18977462413399, -47.31146366151343, -44.65826701176518, -43.56615126072561
/rds/general/user/dtj20/home/signals/NUANCE_SIGNALS/all/D1_1089-134686-0016.wav, -50.91346942621769, -50.7216039331166, -55.49193754005351, -55.31998788935979, -52.28731618202937, -49.606997788281745, -47.24335415868733
/rds/general/user/dtj20/home/signals/NUANCE_SIGNALS/all/P1_1320-122612-0013.wav, -46.6959927279872, -48.28626547073094, -50.55370151576934, -49.80743122958116, -47.28394365419328, -46.29458914846823, -45.70697990879885
/rds/general/user/dtj20/home/signals/NUANCE_SIGNALS/all/P2_1089-134686-0016.wav, -43.07030509775706, -44.488458494909736, -48.53356501999154, -47.479273534490574, -43.80415350008899, -41.747672493679985, -41.653550779581884
/rds/general/user/dtj20/home/signals/NUANCE_SIGNALS/all/P1_1580-141083-0013.wav, -36.91997587631997, -38.30644426412101, -43.41526260439392, -45.27390271089817, -41.07704345840677, -38.53974252357129, -39.208350866368356
/rds/general/user/dtj20/home/signals/NUANCE_SIGNALS/all/P1_1284-1180-0017.wav, -46.40851762440712, -48.77363207484122, -53.40797809193958, -52.77786617034316, -48.83176013372592, -45.921053778782294, -44.598447616283366
/rds/general/user/dtj20/home/signals/NUANCE_SIGNALS/all/P2_1580-141083-0013.wav, -35.56517252826102, -38.008764638647584, -41.05036996885238, -38.28472530779252, -36.073891353862585, -34.517917981106905, -35.10350375091824
/rds/general/user/dtj20/home/signals/NUANCE_SIGNALS/all/P2_121-121726-0003.wav, -35.86673236914936, -38.893718148543435, -40.098413620336125, -36.82726041798722, -36.7502639665616, -38.626781046604236, -38.81895231496136
/rds/general/user/dtj20/home/signals/NUANCE_SIGNALS/all/P1_1284-1180-0014.wav, -46.30745353168339, -48.88216238508239, -53.606514729644616, -52.40611488928302, -48.05292791583106, -45.355279627466025, -44.46174848212163
/rds/general/user/dtj20/home/signals/NUANCE_SIGNALS/all/D2_237-126133-0006.wav, -45.98656588348754, -48.417201709644424, -52.47400942167759, -51.524016441118626, -46.83933420126425, -44.963579479585796, -44.96488389146229
/rds/general/user/dtj20/home/signals/NUANCE_SIGNALS/all/D1_1580-141083-0013.wav, -42.75027167291799, -44.54515272071365, -49.07702445711374, -45.55893775809923, -41.296327826250305, -39.632874906646705, -39.173345556774386
/rds/general/user/dtj20/home/signals/NUANCE_SIGNALS/all/D2_3570-5694-0014.wav, -46.158359314558396, -48.997901598357494, -53.56631440929313, -52.73996537253154, -48.32373648756074, -45.67896524059676, -44.521643358884404
/rds/general/user/dtj20/home/signals/NUANCE_SIGNALS/all/P1_237-126133-0007.wav, -42.81501372459192, -47.267707926247255, -52.03048713742341, -47.00430012342969, -41.5503706380208, -39.87333535352005, -41.98578648734818
/rds/general/user/dtj20/home/signals/NUANCE_SIGNALS/all/D2_1580-141083-0014.wav, -38.50651019309711, -42.88904497127906, -40.85875289353418, -44.108053053567964, -38.647901787837014, -37.14592907980918, -38.52154210976759
/rds/general/user/dtj20/home/signals/NUANCE_SIGNALS/all/P1_1089-134686-0022.wav, -46.82210795042724, -49.09561034228795, -53.698107826657505, -52.1176411017817, -47.4824310137535, -45.16894414558629, -44.93785182554447
/rds/general/user/dtj20/home/signals/NUANCE_SIGNALS/all/D2_1320-122612-0012.wav, -44.87079620243485, -46.90181637692821, -50.07986038553277, -49.90264265934046, -48.387213131240756, -46.13908189073426, -45.78362316180041
/rds/general/user/dtj20/home/signals/NUANCE_SIGNALS/all/P1_2300-131720-0013.wav, -38.111610588247274, -42.74430988690284, -48.157530526422505, -42.911289033163094, -36.939833151984146, -34.37917508166015, -35.01735809712467
/rds/general/user/dtj20/home/signals/NUANCE_SIGNALS/all/D1_237-126133-0001.wav, -48.78041131390094, -51.00516134003303, -54.53540136175672, -52.63985462872078, -48.14164712209831, -45.302022064851776, -45.354078894593016
/rds/general/user/dtj20/home/signals/NUANCE_SIGNALS/all/P1_1580-141083-0014.wav, -40.99619275087838, -42.0017390528157, -45.420062641076136, -45.59938514512089, -42.522531441592406, -40.401986589290374, -41.00293782712042
/rds/general/user/dtj20/home/signals/NUANCE_SIGNALS/all/D2_1580-141083-0004.wav, -46.29278844466537, -48.27672417026405, -50.75065440128103, -49.9680161205163, -47.92273330754499, -46.95524944919991, -46.24521502140952
/rds/general/user/dtj20/home/signals/NUANCE_SIGNALS/all/P1_1995-1826-0021.wav, -48.830747394406956, -51.236573356762065, -55.375565809788085, -54.949703919887384, -51.289248151678144, -48.541463259455846, -47.252408127088344
/rds/general/user/dtj20/home/signals/NUANCE_SIGNALS/all/P1_237-126133-0000.wav, -45.52087603873729, -48.32784641714017, -53.15672779712311, -50.32904045791395, -45.41503015550853, -43.91320469855863, -45.462377118355406
/rds/general/user/dtj20/home/signals/NUANCE_SIGNALS/all/D2_2300-131720-0014.wav, -45.87669374424982, -48.74691389606552, -52.666190439388096, -51.16090981953819, -47.61121656382131, -45.4266328447033, -45.14956341091178
/rds/general/user/dtj20/home/signals/NUANCE_SIGNALS/all/D1_1580-141083-0008.wav, -45.82776520628816, -47.63644763123086, -50.87850311164484, -50.32996965225362, -45.86237038323958, -43.968645062749026, -43.81028734466354
/rds/general/user/dtj20/home/signals/NUANCE_SIGNALS/all/P1_3570-5694-0012.wav, -43.890494153371186, -47.696578599531065, -53.667687871585514, -50.354286142692075, -44.64274056937769, -42.07390567499164, -42.017585080192404
/rds/general/user/dtj20/home/signals/NUANCE_SIGNALS/all/D1_1995-1826-0017.wav, -48.671541671393356, -50.9863095920329, -55.15311559262672, -55.06837703218655, -51.1868703319501, -48.47345595649993, -46.926040276888834
/rds/general/user/dtj20/home/signals/NUANCE_SIGNALS/all/D1_2300-131720-0005.wav, -43.38466721801149, -45.19554601176692, -49.30900424631072, -48.661243453458695, -44.633795526725955, -42.48115370597777, -41.08313613990663
/rds/general/user/dtj20/home/signals/NUANCE_SIGNALS/all/P2_121-121726-0000.wav, -40.41322894543089, -41.30495685379023, -44.95200580347485, -43.69328397018519, -42.05061842566964, -40.50477834354011, -40.04114632802957
/rds/general/user/dtj20/home/signals/NUANCE_SIGNALS/all/P1_2300-131720-0016.wav, -43.81766581278127, -45.370800767804454, -49.49606606800663, -48.334112596963095, -44.81094697710382, -43.03087703528612, -42.493084217332566
/rds/general/user/dtj20/home/signals/NUANCE_SIGNALS/all/P1_121-121726-0009.wav, -44.6547391805268, -45.89601553129143, -49.85449671043875, -49.429692182331294, -45.69626636951041, -43.554247006057814, -43.718759004710684
/rds/general/user/dtj20/home/signals/NUANCE_SIGNALS/all/D2_121-121726-0000.wav, -44.93307992472051, -46.822683739801015, -50.79320243230015, -50.14062397159527, -46.91159343453781, -44.98699164250117, -44.576070184391
/rds/general/user/dtj20/home/signals/NUANCE_SIGNALS/all/P1_1089-134686-0000.wav, -45.67924440554974, -48.917441129672085, -53.49320732470555, -50.32334051470747, -45.23509775870402, -43.164717797628846, -43.976805766573705
/rds/general/user/dtj20/home/signals/NUANCE_SIGNALS/all/D2_1320-122612-0009.wav, -44.860746272890566, -47.52802875208178, -51.62950502420574, -50.21873032197135, -46.934154567333636, -44.951470376288086, -43.68973126429908
/rds/general/user/dtj20/home/signals/NUANCE_SIGNALS/all/D2_121-121726-0007.wav, -43.1295682588225, -43.26332872375272, -47.53679054699502, -49.02606036012911, -43.90560859598863, -43.492773774559595, -44.91912244547222
/rds/general/user/dtj20/home/signals/NUANCE_SIGNALS/all/D1_3570-5694-0004.wav, -48.10519331687756, -50.16754800089061, -54.38089557333509, -53.671699811372534, -49.230452838311564, -47.11280876756657, -46.45958149852787
/rds/general/user/dtj20/home/signals/NUANCE_SIGNALS/all/D2_1284-1180-0001.wav, -45.93083997984142, -48.0224850922189, -52.610085644966695, -52.68752305509557, -48.297016580310554, -45.6152077832747, -44.435987100964056
/rds/general/user/dtj20/home/signals/NUANCE_SIGNALS/all/P1_1284-1180-0011.wav, -40.51433775912676, -42.997810157186606, -48.24555574712108, -47.7224148419951, -43.44405505852093, -40.831584125509124, -39.774850986617054
/rds/general/user/dtj20/home/signals/NUANCE_SIGNALS/all/P2_237-126133-0001.wav, -43.69350119289824, -45.4057037558439, -49.64986055438526, -48.86725275514773, -45.21057947327498, -43.313956081264024, -43.30065349498441
/rds/general/user/dtj20/home/signals/NUANCE_SIGNALS/all/D2_121-121726-0009.wav, -39.97155998257183, -42.134957653926755, -45.52751092088582, -44.85793956932322, -41.04793079544834, -42.61634886740538, -40.83475110362728
/rds/general/user/dtj20/home/signals/NUANCE_SIGNALS/all/D1_121-121726-0003.wav, -43.751432042654955, -45.55012081836105, -49.01301688640363, -47.645624243592636, -43.994130830708045, -41.918303795687066, -41.45520582451642
/rds/general/user/dtj20/home/signals/NUANCE_SIGNALS/all/D1_237-126133-0006.wav, -35.710132501950255, -43.872507295665606, -44.762502156662414, -35.9106284064989, -30.577829709752336, -29.23581081319505, -31.63187775198992
/rds/general/user/dtj20/home/signals/NUANCE_SIGNALS/all/D2_237-126133-0007.wav, -38.40731898699146, -38.931516936997944, -44.21572977145141, -42.366854723546076, -38.595423498679374, -40.074733264853286, -39.73358567611495
/rds/general/user/dtj20/home/signals/NUANCE_SIGNALS/all/P1_3570-5694-0011.wav, -48.201488456175014, -50.58889068456586, -54.93902391061387, -54.652639411737, -50.33939542212244, -48.07393031725702, -46.77111313578061
/rds/general/user/dtj20/home/signals/NUANCE_SIGNALS/all/P2_1320-122612-0012.wav, -40.878845668422215, -42.94272249853898, -46.05500697941174, -45.54637817338254, -42.87848521897125, -41.37032410910284, -41.44481398777954
/rds/general/user/dtj20/home/signals/NUANCE_SIGNALS/all/D1_1284-1180-0011.wav, -41.7459824998025, -44.290447948834014, -49.17061667531462, -47.88091955396421, -43.0282110588448, -40.151907939781715, -38.94336087514227
/rds/general/user/dtj20/home/signals/NUANCE_SIGNALS/all/D1_1320-122612-0012.wav, -48.00644215986022, -47.74030554588564, -50.86599960347318, -49.81389765273913, -46.92011097506579, -46.699309700019, -45.282375178840226
/rds/general/user/dtj20/home/signals/NUANCE_SIGNALS/all/P1_121-121726-0003.wav, -40.36081568335898, -42.753787111045085, -45.968564790618, -43.57143964199949, -40.29616172007728, -38.815751260370924, -39.76669698992226
/rds/general/user/dtj20/home/signals/NUANCE_SIGNALS/all/D2_3570-5694-0004.wav, -46.13193461272339, -49.39435486949119, -52.77231314646093, -50.97759465831132, -47.744059877698675, -46.17906796866428, -45.52080118966161
/rds/general/user/dtj20/home/signals/NUANCE_SIGNALS/all/P2_2300-131720-0014.wav, -43.40647529316008, -45.38964969481836, -48.9927048495523, -47.95675879385008, -45.15626575845573, -43.28438128311834, -42.657971379355914
/rds/general/user/dtj20/home/signals/NUANCE_SIGNALS/all/P2_121-121726-0009.wav, -35.221648841811366, -38.40387359759228, -40.33280089386174, -40.74785079452015, -40.08388187277109, -37.625005391270996, -37.68445038825935
/rds/general/user/dtj20/home/signals/NUANCE_SIGNALS/all/P2_3570-5694-0004.wav, -43.31360327844646, -44.106020190819855, -45.2200812247434, -46.01594187431345, -43.59299453524913, -43.13562403911712, -42.913993189985234
/rds/general/user/dtj20/home/signals/NUANCE_SIGNALS/all/D1_1089-134686-0004.wav, -44.398795324870946, -47.10613867603201, -50.81827480035808, -50.314350213356754, -45.540661940763414, -43.1193218405119, -42.36877893028267
/rds/general/user/dtj20/home/signals/NUANCE_SIGNALS/all/P2_3570-5694-0011.wav, -40.55730174522776, -40.97298351910884, -46.87105304371643, -45.55242217034753, -37.30567966881232, -36.235162127248316, -38.54636321466921
/rds/general/user/dtj20/home/signals/NUANCE_SIGNALS/all/P2_1284-1180-0003.wav, -42.16735615863898, -44.45118212867297, -49.03312595090411, -48.44274552153035, -44.19697264735893, -41.37524767602332, -40.13958309009152
/rds/general/user/dtj20/home/signals/NUANCE_SIGNALS/all/P1_1284-1180-0001.wav, -44.9671980933224, -47.582574190518, -51.249897254102976, -52.0954521756765, -46.04826661756027, -44.57301585341352, -43.662721717389374
/rds/general/user/dtj20/home/signals/NUANCE_SIGNALS/all/D2_1284-1180-0014.wav, -46.64120289511181, -49.411100941374016, -52.913575184355665, -50.69910637118876, -49.02200824481477, -46.95750154913143, -45.70759563129055
/rds/general/user/dtj20/home/signals/NUANCE_SIGNALS/all/D1_3575-170457-0001.wav, -43.42260815657048, -45.78924127499203, -50.1383249207955, -48.589545541823725, -44.30403953898754, -41.55002492009392, -40.517808724412
/rds/general/user/dtj20/home/signals/NUANCE_SIGNALS/all/P2_1284-1180-0011.wav, -37.2107914115709, -38.51093248160956, -42.56682994735619, -41.110557446499655, -38.30175581867301, -36.99433952142192, -35.84670294360965
/rds/general/user/dtj20/home/signals/NUANCE_SIGNALS/all/P1_1320-122612-0001.wav, -43.44699898038887, -44.49572673294561, -46.84194051655028, -45.94407385157584, -43.58574674694754, -41.64176347103738, -41.42633383219889
/rds/general/user/dtj20/home/signals/NUANCE_SIGNALS/all/D1_237-126133-0000.wav, -48.48319845689632, -50.14002932561012, -53.50842490471962, -52.06811977711134, -48.02174782181115, -45.66291058841482, -45.50282193929864
/rds/general/user/dtj20/home/signals/NUANCE_SIGNALS/all/P2_3570-5694-0005.wav, -43.51951114688633, -44.11098728707717, -47.962633462154784, -47.28189814764682, -45.24693911588163, -43.93261320276412, -44.492247638373456
/rds/general/user/dtj20/home/signals/NUANCE_SIGNALS/all/D2_1320-122612-0013.wav, -45.08743435061512, -47.43049928171949, -50.65686728208274, -49.40741260601158, -47.49838327017586, -46.32713240276591, -45.20506809037115
/rds/general/user/dtj20/home/signals/NUANCE_SIGNALS/all/P2_3575-170457-0008.wav, -41.77535245206572, -44.193600982406515, -48.60847686946114, -47.577030716187636, -43.826559738002864, -41.6989095746638, -41.25555614624274
/rds/general/user/dtj20/home/signals/NUANCE_SIGNALS/all/D2_3570-5694-0012.wav, -45.942074395154165, -47.830299840078816, -53.54499992553166, -52.354238195347975, -47.74196249426317, -46.223006748132605, -45.029649912273946
/rds/general/user/dtj20/home/signals/NUANCE_SIGNALS/all/D2_1995-1826-0017.wav, -46.651635161025524, -47.334429279216494, -51.32286095955598, -52.585711593025195, -50.05836870336752, -47.553845047858715, -46.34377801712722
/rds/general/user/dtj20/home/signals/NUANCE_SIGNALS/all/D1_121-121726-0009.wav, -43.46137063430449, -43.97345432034476, -49.44108512668493, -46.02996860879447, -42.9131487610746, -41.15997239490278, -41.05290459422302
/rds/general/user/dtj20/home/signals/NUANCE_SIGNALS/all/D2_2300-131720-0013.wav, -42.26267243414148, -45.747971565514014, -49.70844840753581, -49.034506909920104, -45.10207721398342, -42.79367776527036, -42.22005806819201
/rds/general/user/dtj20/home/signals/NUANCE_SIGNALS/all/P2_1089-134686-0008.wav, -45.02169821845398, -47.0037501927027, -50.908420865143654, -48.96176891829232, -44.764012179844244, -42.260975468723394, -41.51472772062351
/rds/general/user/dtj20/home/signals/NUANCE_SIGNALS/all/D2_1089-134686-0004.wav, -45.006912905182006, -47.20049103514002, -51.3825127814988, -50.264694560420836, -45.78420806788935, -43.61679941455381, -43.189615587261905
/rds/general/user/dtj20/home/signals/NUANCE_SIGNALS/all/P2_237-126133-0007.wav, -41.57821317248539, -42.813971173515945, -46.59441184923007, -45.458209877243185, -42.96961138335227, -41.449063850942736, -41.28884543049507
/rds/general/user/dtj20/home/signals/NUANCE_SIGNALS/all/P2_1320-122612-0016.wav, -43.95232208448821, -45.25942020563548, -48.46189430272951, -46.87038934893859, -45.56050898344879, -43.79614157000609, -43.206114759498476
/rds/general/user/dtj20/home/signals/NUANCE_SIGNALS/all/D2_2300-131720-0005.wav, -39.238210923911154, -41.286197084095036, -43.850709526988815, -40.12793106253194, -34.77948891198075, -32.49668227977265, -33.103509361683024
/rds/general/user/dtj20/home/signals/NUANCE_SIGNALS/all/P2_1284-1180-0014.wav, -43.39380998787512, -45.551676968067795, -49.18139032580255, -48.39289391719149, -44.27808646694173, -41.50186361150006, -41.29069457522025
/rds/general/user/dtj20/home/signals/NUANCE_SIGNALS/all/D2_1284-1180-0003.wav, -44.423306732500045, -46.943598616584666, -51.96415804744208, -51.222303084237446, -46.4862676223358, -43.42902161832246, -42.02280582817775
/rds/general/user/dtj20/home/signals/NUANCE_SIGNALS/all/D1_1284-1180-0014.wav, -47.54391431828517, -50.18519473871066, -55.069545134088415, -54.29489086731767, -49.63823662877931, -46.85644210636142, -45.406890089756686
/rds/general/user/dtj20/home/signals/NUANCE_SIGNALS/all/P1_1284-1180-0003.wav, -42.19413880602343, -45.17621468351852, -50.74304185164483, -49.45759576184422, -45.27429061086602, -42.895764547496015, -42.45209028406301
/rds/general/user/dtj20/home/signals/NUANCE_SIGNALS/all/D2_1089-134686-0008.wav, -48.473612910084654, -51.69799867881512, -53.419342766252775, -54.46828758519176, -50.00744023540661, -47.53036686470581, -46.906629134453
/rds/general/user/dtj20/home/signals/NUANCE_SIGNALS/all/D1_2300-131720-0013.wav, -44.504930817506796, -45.468850645950035, -50.75528789759293, -48.14762804873931, -45.68953924930483, -43.39471437725579, -42.12095867077804
/rds/general/user/dtj20/home/signals/NUANCE_SIGNALS/all/D1_3575-170457-0013.wav, -45.887670873761486, -48.230845362290054, -53.11088221771955, -50.837244463752015, -46.73476472219753, -44.41253614924498, -43.615279587189384
/rds/general/user/dtj20/home/signals/NUANCE_SIGNALS/all/D2_1995-1826-0021.wav, -47.89195960923925, -50.140932356101196, -54.217044066571034, -53.6520959711911, -50.41080343438976, -47.658658292151316, -46.3883262696904
/rds/general/user/dtj20/home/signals/NUANCE_SIGNALS/all/P2_3575-170457-0020.wav, -34.60983864465287, -39.08101798150141, -40.37253107538823, -40.288049514628796, -38.42351510657582, -36.63994832115989, -37.96098272600322
/rds/general/user/dtj20/home/signals/NUANCE_SIGNALS/all/D2_2300-131720-0016.wav, -42.42233477450402, -43.689025198060094, -46.22076328742088, -47.73659187718422, -45.32626021512339, -43.12501308120212, -42.36731919551651
/rds/general/user/dtj20/home/signals/NUANCE_SIGNALS/all/D2_1995-1826-0009.wav, -47.54087450431753, -49.64431121285334, -52.95654796784346, -52.428036323060105, -50.12392991008214, -47.33932588991959, -46.42101353316997
/rds/general/user/dtj20/home/signals/NUANCE_SIGNALS/all/D2_3570-5694-0005.wav, -48.677853881509634, -50.267249413816764, -52.03727432222496, -53.769947042524, -49.788900483254324, -48.119232726870216, -47.28697558181266
/rds/general/user/dtj20/home/signals/NUANCE_SIGNALS/all/P1_237-126133-0008.wav, -48.540349796305556, -49.9086772495813, -54.16135239487942, -53.33779939146573, -49.57716452891152, -48.780736046503115, -48.58210792742307
/rds/general/user/dtj20/home/signals/NUANCE_SIGNALS/all/D2_3575-170457-0008.wav, -45.417280343483135, -47.91905327303852, -52.51691544497092, -51.942527173255144, -48.62729933681197, -45.98722989799405, -45.09195490073046
/rds/general/user/dtj20/home/signals/NUANCE_SIGNALS/all/D2_3575-170457-0013.wav, -45.17964957224478, -47.09642806515268, -50.40637547224276, -50.168062476220015, -47.33036640500953, -45.60574487179885, -44.73560335505265
/rds/general/user/dtj20/home/signals/NUANCE_SIGNALS/all/P1_1089-134686-0004.wav, -42.12419612372118, -44.143145517022376, -49.51987109977556, -47.820312609218774, -42.401927026287545, -40.304500780737854, -40.75006846570411
/rds/general/user/dtj20/home/signals/NUANCE_SIGNALS/all/D2_237-126133-0000.wav, -35.32205699809581, -35.66885809966115, -39.57876893118121, -50.78208359813645, -43.29035669880006, -45.46544582244417, -43.01728721850466
/rds/general/user/dtj20/home/signals/NUANCE_SIGNALS/all/D2_3575-170457-0000.wav, -41.68642410135678, -43.969960190319746, -47.558456364848105, -45.13054082624918, -44.52949357216629, -42.96448235672173, -41.929029785436285
/rds/general/user/dtj20/home/signals/NUANCE_SIGNALS/all/D1_3570-5694-0014.wav, -45.294038989366356, -47.422835907682085, -52.33491088452796, -51.03199023930607, -45.84285427680845, -43.430710776314484, -43.52089737828586
/rds/general/user/dtj20/home/signals/NUANCE_SIGNALS/all/D2_121-121726-0003.wav, -41.256994009683375, -43.698986202605, -46.53527223154836, -47.02877795418238, -43.861392239794206, -41.93076326944801, -41.91897305836639
/rds/general/user/dtj20/home/signals/NUANCE_SIGNALS/all/P2_1089-134686-0000.wav, -42.46926044709171, -44.23127100004605, -48.74353835683985, -47.85062715080598, -43.883011812478124, -41.56577332674976, -41.06235056472816
/rds/general/user/dtj20/home/signals/NUANCE_SIGNALS/all/P1_1580-141083-0008.wav, -41.03578307729772, -46.203796837385354, -49.983481761209816, -43.9799565173835, -38.54598479680979, -36.49476789550283, -37.79255998502044
/rds/general/user/dtj20/home/signals/NUANCE_SIGNALS/all/P2_121-121726-0007.wav, -35.90869834859549, -38.57609687818851, -41.626840101614675, -40.45777397337105, -38.116097608793076, -38.701317952477304, -40.24162759370565
/rds/general/user/dtj20/home/signals/NUANCE_SIGNALS/all/D1_2300-131720-0014.wav, -48.383204786004505, -50.60216611615818, -54.79033706453422, -53.35675877230045, -49.48536207411499, -47.08358741431337, -45.98510456147096
/rds/general/user/dtj20/home/signals/NUANCE_SIGNALS/all/D1_121-121726-0004.wav, -45.724184555362584, -47.50285138116759, -51.50266310895802, -50.57464980726985, -46.205029873907066, -44.60811312609281, -44.26235201750405
/rds/general/user/dtj20/home/signals/NUANCE_SIGNALS/all/D1_1995-1826-0021.wav, -49.302726359178706, -51.76597688322629, -55.80324290040516, -54.77882512732692, -51.26086067716784, -48.397970777740824, -46.96034130181517
/rds/general/user/dtj20/home/signals/NUANCE_SIGNALS/all/P1_3570-5694-0005.wav, -49.29417743598546, -51.17204922523462, -55.87208746118147, -54.71208121726468, -51.09461966390839, -48.58790200696592, -47.766875422119064
/rds/general/user/dtj20/home/signals/NUANCE_SIGNALS/all/D2_1284-1180-0017.wav, -46.93600971745884, -49.64087828606266, -54.37268095915702, -53.199662150238495, -49.27997665441776, -46.743853204791044, -45.317476179100574
/rds/general/user/dtj20/home/signals/NUANCE_SIGNALS/all/D1_1089-134686-0008.wav, -50.110662990491605, -52.04175855164187, -55.899633834522675, -55.31916904611741, -51.27275922755415, -48.74289951345871, -47.691807925368025
/rds/general/user/dtj20/home/signals/NUANCE_SIGNALS/all/D1_1089-134686-0022.wav, -47.59837631955293, -50.036321329669484, -54.246004003653766, -52.9516194130225, -48.17128170043574, -45.12448354033239, -44.614677268786416
/rds/general/user/dtj20/home/signals/NUANCE_SIGNALS/all/D1_1320-122612-0016.wav, -46.547817182368696, -49.35160482907102, -51.80948531235817, -51.12383039804026, -47.10411614498001, -43.92353071747838, -42.969529690254305
/rds/general/user/dtj20/home/signals/NUANCE_SIGNALS/all/P2_3575-170457-0000.wav, -39.26327520191564, -41.209168545686765, -45.117458900586385, -43.944096626336595, -39.823506425344775, -37.303791669762745, -37.068726770230164
/rds/general/user/dtj20/home/signals/NUANCE_SIGNALS/all/D1_1320-122612-0001.wav, -42.64104536924195, -44.28004200053107, -47.28377468335884, -46.77887583498155, -43.33833115636976, -42.283469690497036, -42.07092574506657
/rds/general/user/dtj20/home/signals/NUANCE_SIGNALS/all/P1_121-121726-0000.wav, -44.956891414200115, -46.576157359665615, -49.91722666773028, -49.1033785528607, -45.03659546306351, -43.687897753778216, -43.7116136583711
/rds/general/user/dtj20/home/signals/NUANCE_SIGNALS/all/D1_121-121726-0007.wav, -45.15243343534684, -47.414930773947084, -51.35903562631158, -50.52687564344787, -46.02896464350078, -43.91858703919976, -43.43043068116627
/rds/general/user/dtj20/home/signals/NUANCE_SIGNALS/all/P2_1089-134686-0022.wav, -43.03639888309081, -44.92810013191214, -49.44409519402629, -49.38969974982946, -45.28122124974341, -42.9117064608353, -42.338696291335395
