/rds/general/user/dtj20/home/signals/NUANCE_SIGNALS/all/P2_1284-1180-0001.wav, -40.2916255648898, -41.61458568141625, -45.34937843733342, -44.555236426422844, -40.24728638673355, -39.61729627375428, -39.7127968518212
/rds/general/user/dtj20/home/signals/NUANCE_SIGNALS/all/P1_3570-5694-0014.wav, -45.16570316046463, -48.267054530825206, -53.25492102762712, -50.69364198849585, -45.97994703512641, -43.75561418491365, -43.921533568736486
/rds/general/user/dtj20/home/signals/NUANCE_SIGNALS/all/D1_1284-1180-0001.wav, -45.584123350283654, -48.364825058485906, -53.632960900367586, -52.64733446470686, -47.41360871472341, -44.15984034653401, -42.63473580567931
/rds/general/user/dtj20/home/signals/NUANCE_SIGNALS/all/P1_121-121726-0004.wav, -43.23095825644168, -44.54375576000078, -49.0303914393128, -48.679315387371034, -45.94591305488326, -43.2813085029652, -42.872358238563294
/rds/general/user/dtj20/home/signals/NUANCE_SIGNALS/all/P2_1580-141083-0008.wav, -41.028973996496205, -42.4552918480713, -45.347330790782785, -43.830631793681746, -41.58300487903325, -40.38662853895353, -40.81890974464536
/rds/general/user/dtj20/home/signals/NUANCE_SIGNALS/all/D2_3575-170457-0020.wav, -43.90786211306263, -45.72429169915807, -49.71973552686228, -48.29621006846831, -45.1025922027126, -42.62761056941198, -42.578620640398654
/rds/general/user/dtj20/home/signals/NUANCE_SIGNALS/all/D2_2300-131720-0008.wav, -45.904312392614855, -48.41976376268708, -51.74293649038668, -50.78911567069216, -47.47426087642115, -45.72977480154131, -44.92892409659486
/rds/general/user/dtj20/home/signals/NUANCE_SIGNALS/all/P2_1995-1826-0015.wav, -43.05584570393235, -45.05160224183939, -49.303011786264165, -48.32118144830997, -45.30802770877063, -42.97271820937908, -42.33438768340561
/rds/general/user/dtj20/home/signals/NUANCE_SIGNALS/all/P1_1320-122612-0016.wav, -46.92188423728623, -48.93035575674192, -51.40293736733491, -50.31682629242968, -47.703161070371195, -45.75102591665469, -45.96965317110352
/rds/general/user/dtj20/home/signals/NUANCE_SIGNALS/all/D1_3575-170457-0000.wav, -44.24910588546911, -46.569522252156624, -50.97034873134327, -49.71846997177809, -45.14387410741743, -42.4833145976681, -41.649712542835566
/rds/general/user/dtj20/home/signals/NUANCE_SIGNALS/all/D2_1089-134686-0016.wav, -49.75349776418024, -51.494292383825425, -55.8671767150245, -55.08751541309002, -51.302199317940484, -49.17845606463808, -48.617480009376706
/rds/general/user/dtj20/home/signals/NUANCE_SIGNALS/all/D1_121-121726-0000.wav, -44.81320599873767, -46.837692283853755, -51.63507734677567, -49.56655566161824, -45.455263680177815, -43.563321082614465, -42.773504242450464
/rds/general/user/dtj20/home/signals/NUANCE_SIGNALS/all/D2_1580-141083-0000.wav, -41.34978260111754, -46.266876920096, -48.36846897934444, -43.56803972924689, -41.89152316775793, -45.76281076515975, -42.95036359343209
/rds/general/user/dtj20/home/signals/NUANCE_SIGNALS/all/P1_1580-141083-0004.wav, -46.79732817869278, -47.899277274304126, -51.73617845792244, -51.18043763368095, -48.27203528700508, -46.77598717500957, -47.084352182006455
/rds/general/user/dtj20/home/signals/NUANCE_SIGNALS/all/D1_1580-141083-0004.wav, -48.24539164479495, -48.58397979363134, -51.922850105007676, -50.18251516681361, -47.731424381855234, -47.25422843845584, -46.47832010006141
/rds/general/user/dtj20/home/signals/NUANCE_SIGNALS/all/D2_1284-1180-0011.wav, -40.21165374100793, -42.65260648145024, -47.48191971756065, -46.885468051252126, -42.4704002871422, -39.15782772719513, -37.58611897632282
/rds/general/user/dtj20/home/signals/NUANCE_SIGNALS/all/P2_1580-141083-0014.wav, -32.99291487895848, -32.00391500465397, -36.18009481725613, -37.3066170284567, -34.61590982625277, -33.34959877762111, -35.056234801953224
/rds/general/user/dtj20/home/signals/NUANCE_SIGNALS/all/P2_1320-122612-0013.wav, -39.464731319722986, -40.07683106629383, -44.35128693664147, -44.1022763834225, -40.95014280852567, -39.90869860576568, -39.807347048837414
/rds/general/user/dtj20/home/signals/NUANCE_SIGNALS/all/D2_1089-134686-0000.wav, -47.296212711034, -49.10023814821676, -52.71499800358343, -50.45888847485534, -46.69689077085903, -44.663440028774, -44.91249892352592
/rds/general/user/dtj20/home/signals/NUANCE_SIGNALS/all/P2_1320-122612-0009.wav, -36.10480442849279, -37.67867592712312, -42.459208384694946, -41.57894037253418, -37.00595178181198, -34.74971796268653, -34.48920004140224
/rds/general/user/dtj20/home/signals/NUANCE_SIGNALS/all/D1_1320-122612-0009.wav, -46.23408685788996, -48.809973278067915, -53.27412356377802, -52.349273571841536, -47.57537205847319, -44.430614912920426, -43.07448846682621
/rds/general/user/dtj20/home/signals/NUANCE_SIGNALS/all/P1_3575-170457-0001.wav, -42.587986816107474, -44.91153083602774, -48.60345385191849, -47.935528131894856, -43.751549415849034, -41.598388520912266, -41.620761913393
/rds/general/user/dtj20/home/signals/NUANCE_SIGNALS/all/D2_1995-1826-0015.wav, -46.170034040607966, -47.9177951889649, -51.7442145247728, -51.683718181167976, -48.323490776354426, -46.146491533923424, -45.580172963182605
/rds/general/user/dtj20/home/signals/NUANCE_SIGNALS/all/P2_2300-131720-0008.wav, -41.827732664886554, -43.231309873780646, -45.573931073721354, -45.040189897749926, -42.59774033766942, -41.308320143700485, -40.72024049919129
/rds/general/user/dtj20/home/signals/NUANCE_SIGNALS/all/D1_3570-5694-0012.wav, -46.671072003325385, -49.61942527684265, -54.93783502055102, -53.52761421996884, -48.197671617775356, -44.99283088689323, -43.62810548610602
/rds/general/user/dtj20/home/signals/NUANCE_SIGNALS/all/P1_1995-1826-0017.wav, -48.592737700257814, -50.72037515354069, -54.62677328378024, -53.70729931025451, -50.323018074841315, -48.21985228604415, -47.02953929342328
/rds/general/user/dtj20/home/signals/NUANCE_SIGNALS/all/D1_1995-1826-0015.wav, -47.912641161276554, -49.14399431793122, -53.89372352845969, -52.62099578224969, -49.15005645388665, -46.3257456307203, -44.738237507832814
/rds/general/user/dtj20/home/signals/NUANCE_SIGNALS/all/D1_1995-1826-0009.wav, -49.789488654244266, -51.479353243890536, -54.856572682763684, -53.790686226297886, -50.64156870663788, -48.38442536972251, -46.9849467280731
/rds/general/user/dtj20/home/signals/NUANCE_SIGNALS/all/P1_1995-1826-0015.wav, -46.71860697906964, -49.36194926255364, -53.32084749047662, -51.78472811874411, -47.689084136573584, -45.70906351979528, -45.78962446350879
/rds/general/user/dtj20/home/signals/NUANCE_SIGNALS/all/P1_3575-170457-0000.wav, -43.20925113389222, -45.370403830530925, -49.90177002918686, -47.783310856960135, -44.00060131382004, -41.923132737463376, -41.75577071563449
/rds/general/user/dtj20/home/signals/NUANCE_SIGNALS/all/P2_3570-5694-0014.wav, -41.941335213996844, -43.94316479489183, -47.67500894330776, -47.74903960870923, -43.74222576864416, -42.058059038379476, -41.349634551057655
/rds/general/user/dtj20/home/signals/NUANCE_SIGNALS/all/P2_1089-134686-0004.wav, -40.187653550942095, -42.20462973044431, -46.847414245571414, -45.86261203559054, -42.15371067928679, -40.302581800221986, -39.66351505564111
/rds/general/user/dtj20/home/signals/NUANCE_SIGNALS/all/D1_237-126133-0007.wav, -47.05235856257882, -49.124683127289714, -53.69996065041774, -52.202924234507016, -47.125709629201964, -44.42972516605216, -43.75056665010152
/rds/general/user/dtj20/home/signals/NUANCE_SIGNALS/all/D1_1089-134686-0000.wav, -47.68918272828623, -49.83316364841898, -54.731749703393646, -53.255975912690914, -48.74878672226842, -46.3083762569282, -45.25463279579451
/rds/general/user/dtj20/home/signals/NUANCE_SIGNALS/all/P1_1995-1826-0000.wav, -48.777047560094715, -51.509916352892695, -51.059681503258226, -53.476442343070445, -50.81105416779971, -46.844529070854335, -46.29317481150054
/rds/general/user/dtj20/home/signals/NUANCE_SIGNALS/all/P1_1089-134686-0016.wav, -49.81531546722429, -51.811474894958124, -55.93377381883372, -54.82931722218833, -50.811485754302666, -48.57648660343686, -48.30896016409052
/rds/general/user/dtj20/home/signals/NUANCE_SIGNALS/all/P2_3575-170457-0013.wav, -41.60143390699581, -43.35988702459572, -47.5988219450715, -45.626554837946784, -42.9300173286683, -41.298910380132845, -40.617413015061345
/rds/general/user/dtj20/home/signals/NUANCE_SIGNALS/all/P1_3575-170457-0008.wav, -44.649783302484, -47.41254134379454, -51.41773087664685, -49.138873080226766, -44.98671955846411, -43.704413274586216, -44.389666767087064
/rds/general/user/dtj20/home/signals/NUANCE_SIGNALS/all/D1_1320-122612-0013.wav, -47.72303982960168, -48.67685987855856, -52.866341542520416, -50.38485752175647, -48.73081803284598, -47.47719643249201, -46.483342042022585
/rds/general/user/dtj20/home/signals/NUANCE_SIGNALS/all/P2_1995-1826-0021.wav, -45.376137506671846, -47.80055906756307, -51.82002589407118, -50.885688047903955, -47.77226033899012, -44.95875857844976, -43.737072898687885
/rds/general/user/dtj20/home/signals/NUANCE_SIGNALS/all/D2_1580-141083-0013.wav, -41.214857590905666, -42.64823571937014, -46.05874719328223, -46.27458794243474, -42.941020473066544, -41.40955585606504, -41.47865417974198
/rds/general/user/dtj20/home/signals/NUANCE_SIGNALS/all/P1_3575-170457-0013.wav, -44.19726408983574, -47.085241591910844, -51.73922302802215, -49.78261934034754, -45.43338389991763, -43.271561475053, -43.51231880289615
/rds/general/user/dtj20/home/signals/NUANCE_SIGNALS/all/D2_1580-141083-0008.wav, -44.42921640745605, -46.22112801013234, -48.81269218142059, -48.58088968678758, -45.077812835368256, -43.68067428975528, -44.04996681310366
/rds/general/user/dtj20/home/signals/NUANCE_SIGNALS/all/P2_1995-1826-0017.wav, -42.86124684593054, -41.74231807927956, -41.22830314829543, -42.32776118649162, -38.89439029994228, -42.07190927256473, -40.130121513807765
/rds/general/user/dtj20/home/signals/NUANCE_SIGNALS/all/D1_237-126133-0008.wav, -50.541632197159096, -52.67075344805305, -57.51757066988154, -55.77607868596716, -50.78641393236473, -48.20073176563652, -47.39895586846674
/rds/general/user/dtj20/home/signals/NUANCE_SIGNALS/all/P1_3575-170457-0020.wav, -39.18855739821818, -44.55410334548162, -46.33197948791874, -39.9886710135092, -34.77677233136496, -33.546137255713695, -36.96442016414299
/rds/general/user/dtj20/home/signals/NUANCE_SIGNALS/all/D2_121-121726-0004.wav, -45.87514029469372, -47.82144620639994, -51.51423814410788, -49.938987376065434, -46.79865783560974, -45.03231242209806, -45.14174153738694
/rds/general/user/dtj20/home/signals/NUANCE_SIGNALS/all/D2_3570-5694-0011.wav, -48.23687061518787, -50.8091076802365, -54.88638062599285, -54.00239553972355, -49.91453330662104, -47.596907912259226, -46.48274732556396
/rds/general/user/dtj20/home/signals/NUANCE_SIGNALS/all/D1_3570-5694-0011.wav, -48.736438151512544, -50.910108974558376, -55.25577840244787, -54.74477594648739, -50.23865063952441, -47.30581793108682, -45.888276350789
/rds/general/user/dtj20/home/signals/NUANCE_SIGNALS/all/P2_2300-131720-0005.wav, -37.54630161752972, -40.00656067870685, -43.76517574035232, -42.06033872386137, -39.42347232585448, -37.552254329747555, -36.726992480882664
/rds/general/user/dtj20/home/signals/NUANCE_SIGNALS/all/P1_121-121726-0007.wav, -45.6629077407305, -46.36279197758651, -50.12711889444145, -49.55668953692224, -46.72358249730934, -45.40358592835182, -44.98368855533218
/rds/general/user/dtj20/home/signals/NUANCE_SIGNALS/all/P1_1089-134686-0008.wav, -48.639827500987785, -50.28615755642987, -54.45011714219088, -53.090693249709524, -48.94261075134207, -47.055017682810515, -46.76461977471514
/rds/general/user/dtj20/home/signals/NUANCE_SIGNALS/all/P2_237-126133-0008.wav, -38.03680654626297, -42.44250973922507, -48.43498780773263, -44.473020104148645, -39.36827303039584, -36.79193316551896, -37.48221156403484
/rds/general/user/dtj20/home/signals/NUANCE_SIGNALS/all/D2_1995-1826-0000.wav, -48.35752658242845, -50.804161056210944, -54.999543214592606, -53.87616752356712, -50.60450573604294, -47.97207654986791, -46.36778300831577
/rds/general/user/dtj20/home/signals/NUANCE_SIGNALS/all/P2_1580-141083-0000.wav, -39.077452836605744, -41.212108109635544, -43.84432187369873, -42.45115361955001, -42.26490263654178, -41.834520078351964, -42.28053229646331
/rds/general/user/dtj20/home/signals/NUANCE_SIGNALS/all/D2_3575-170457-0001.wav, -41.79584704471382, -43.130791561555306, -47.74484381186085, -46.14742312305333, -43.15951953246891, -40.99127877728933, -40.71923955835834
/rds/general/user/dtj20/home/signals/NUANCE_SIGNALS/all/P1_1580-141083-0000.wav, -44.074449137199835, -43.61508073079776, -43.63403105572827, -44.60961838937554, -44.57529902532923, -40.66389713067829, -43.75939079124724
/rds/general/user/dtj20/home/signals/NUANCE_SIGNALS/all/P2_3575-170457-0001.wav, -36.71825253101697, -39.365389449123306, -43.56602929241898, -41.842333624800894, -38.27524449187769, -36.58819797507569, -36.42436355814719
/rds/general/user/dtj20/home/signals/NUANCE_SIGNALS/all/D1_3575-170457-0020.wav, -43.93055031929194, -46.53441629899052, -51.201205478707266, -48.71970515219807, -43.634839332152026, -40.829691191584615, -40.058062813638806
/rds/general/user/dtj20/home/signals/NUANCE_SIGNALS/all/P1_2300-131720-0005.wav, -42.3189205588144, -44.29755833777196, -48.81270348735961, -47.81150848300062, -44.109154118221014, -41.83363040859656, -40.69250968294499
/rds/general/user/dtj20/home/signals/NUANCE_SIGNALS/all/D1_1580-141083-0000.wav, -48.91326015482237, -49.88352581366377, -53.06421857166282, -52.36423737452445, -49.075287988024286, -47.45869282778635, -47.346975790012365
/rds/general/user/dtj20/home/signals/NUANCE_SIGNALS/all/D2_1089-134686-0022.wav, -46.97488489704007, -49.32184406087021, -54.34127811360628, -53.33809482720235, -49.437077479906094, -46.92378534304835, -45.67993390593866
/rds/general/user/dtj20/home/signals/NUANCE_SIGNALS/all/D1_1995-1826-0000.wav, -50.0252586686954, -52.88001045580713, -57.373978966112766, -56.47073270612866, -52.22194682443369, -49.12447536382216, -47.383378323571115
/rds/general/user/dtj20/home/signals/NUANCE_SIGNALS/all/P2_2300-131720-0016.wav, -39.424015753101955, -41.49546718805559, -44.79638704250193, -43.759269501376366, -41.0200256883308, -39.15191608969667, -38.807590606494486
/rds/general/user/dtj20/home/signals/NUANCE_SIGNALS/all/P2_1320-122612-0001.wav, -39.49307334834011, -40.69310075505208, -43.444157691278534, -42.39244372801666, -41.11993999202461, -39.34772447899973, -38.74206942581401
/rds/general/user/dtj20/home/signals/NUANCE_SIGNALS/all/P2_121-121726-0004.wav, -41.98635044729081, -42.981267356046374, -46.6281086986156, -45.251198900732, -43.09354006562543, -41.46152030182739, -41.50175452906143
/rds/general/user/dtj20/home/signals/NUANCE_SIGNALS/all/D1_2300-131720-0016.wav, -43.83999630067777, -45.902499368042946, -49.40613653207735, -47.29077402793456, -44.327608208732336, -41.946246874437314, -41.913216077242495
/rds/general/user/dtj20/home/signals/NUANCE_SIGNALS/all/P1_1320-122612-0009.wav, -45.14129844804634, -47.73165839754518, -52.325400847207966, -50.819812411453924, -46.4147885296815, -44.036809240321055, -43.30837563802327
/rds/general/user/dtj20/home/signals/NUANCE_SIGNALS/all/D2_237-126133-0001.wav, -47.95804254535738, -49.99262036615943, -54.44776243515723, -53.40037037820524, -49.27667283623326, -47.64695430030756, -47.40625833281307
/rds/general/user/dtj20/home/signals/NUANCE_SIGNALS/all/P1_1995-1826-0009.wav, -49.00499087558781, -50.937626703256626, -53.66394982255966, -52.50615904797989, -49.23548284263154, -47.017603800101455, -47.425702313519025
/rds/general/user/dtj20/home/signals/NUANCE_SIGNALS/all/P2_3570-5694-0012.wav, -42.39957056056183, -44.66541080190022, -49.43423922643751, -48.605032921395335, -43.85586448002995, -41.12379116559112, -40.1695697001432
/rds/general/user/dtj20/home/signals/NUANCE_SIGNALS/all/P2_2300-131720-0013.wav, -37.64760437743843, -39.8335533719289, -44.083783691129696, -42.370379345427594, -38.72428638084132, -36.79698183213735, -36.963092753663204
/rds/general/user/dtj20/home/signals/NUANCE_SIGNALS/all/P2_1284-1180-0017.wav, -42.608451355265366, -44.46080219026386, -48.29736257899958, -47.94442153877667, -44.72502496563855, -42.01549778823914, -41.00007527287733
/rds/general/user/dtj20/home/signals/NUANCE_SIGNALS/all/P2_1995-1826-0009.wav, -44.34218903632764, -47.02700913555951, -50.1550964654064, -50.1076807867915, -46.314344578908546, -44.71010794894486, -43.16091418648125
/rds/general/user/dtj20/home/signals/NUANCE_SIGNALS/all/D1_2300-131720-0008.wav, -41.836507070107615, -41.466380470386596, -46.25790825416617, -46.883581047851884, -42.22262336448068, -38.53887810833712, -37.220905578046064
/rds/general/user/dtj20/home/signals/NUANCE_SIGNALS/all/D2_1320-122612-0001.wav, -41.35700863943174, -43.77062795372595, -46.02466862008724, -45.764843901065426, -43.80185345908167, -42.36238498951473, -41.60743935879502
/rds/general/user/dtj20/home/signals/NUANCE_SIGNALS/all/D1_3575-170457-0008.wav, -47.48387717376162, -49.398834494053425, -53.46187444506683, -51.74421262316267, -48.73928087107885, -46.135153324253686, -45.07395764227492
/rds/general/user/dtj20/home/signals/NUANCE_SIGNALS/all/P1_237-126133-0006.wav, -44.825935038536116, -46.49962616249179, -50.34797892637121, -49.012691947064, -44.407174238527816, -42.658514006563884, -43.20628008641752
/rds/general/user/dtj20/home/signals/NUANCE_SIGNALS/all/P1_1320-122612-0012.wav, -46.82357769331784, -48.724855747094836, -51.49768062448041, -49.973100158062024, -47.7400980537006, -45.28764941420019, -45.63219906997837
/rds/general/user/dtj20/home/signals/NUANCE_SIGNALS/all/D2_1320-122612-0016.wav, -40.224077090835394, -46.83183665800007, -49.792680767798146, -42.94150271928453, -41.635264471473775, -44.22927044530174, -40.49086877677911
/rds/general/user/dtj20/home/signals/NUANCE_SIGNALS/all/D1_1580-141083-0014.wav, -38.10633616607467, -39.812835029829, -43.96330198831804, -41.46763892452139, -35.801233726994624, -32.727709427846264, -32.42523961349191
/rds/general/user/dtj20/home/signals/NUANCE_SIGNALS/all/P1_237-126133-0001.wav, -47.57324408134774, -49.53397258888042, -54.014945555917954, -52.83166352332091, -48.3969604425281, -46.15537521758293, -46.25224429029461
/rds/general/user/dtj20/home/signals/NUANCE_SIGNALS/all/P2_1580-141083-0004.wav, -43.58541558300928, -43.64742222872618, -46.67782088277026, -46.57614968813452, -44.41780152479309, -42.94176705991606, -42.99796475611637
/rds/general/user/dtj20/home/signals/NUANCE_SIGNALS/all/D1_3570-5694-0005.wav, -50.06528402057032, -52.3995438426654, -55.903207630628565, -55.18651906023944, -51.2339346761216, -48.682381608881485, -47.7286934487129
/rds/general/user/dtj20/home/signals/NUANCE_SIGNALS/all/P2_237-126133-0000.wav, -42.75834032225073, -43.96943071885056, -47.921241380697275, -46.984514584859156, -44.06795184011103, -42.79095071970728, -42.77001681296751
/rds/general/user/dtj20/home/signals/NUANCE_SIGNALS/all/D2_237-126133-0008.wav, -49.865634016642, -52.1410293644908, -56.15645376161268, -56.18899593683771, -52.004701039448065, -49.6258870800176, -49.33100856905118
/rds/general/user/dtj20/home/signals/NUANCE_SIGNALS/all/D1_1284-1180-0017.wav, -46.684126370628405, -49.28725769158419, -54.254112290524375, -53.312577645253, -48.7305901714373, -45.94019767094458, -44.557218067651135
/rds/general/user/dtj20/home/signals/NUANCE_SIGNALS/all/P1_2300-131720-0008.wav, -45.27741069029461, -47.27329211964188, -51.02752054947949, -49.98261813138175, -45.69179518125048, -43.883891308055, -43.930097254240145
/rds/general/user/dtj20/home/signals/NUANCE_SIGNALS/all/D1_1284-1180-0003.wav, -45.445912668378874, -48.17179019330997, -53.35065493153878, -52.7825494943739, -47.910546902783906, -44.89096588937109, -43.410395102726326
/rds/general/user/dtj20/home/signals/NUANCE_SIGNALS/all/P1_3570-5694-0004.wav, -46.19019115749289, -48.090847470511676, -52.577930678168656, -51.81305842731877, -47.978313938420996, -45.80126232835869, -45.28848948783705
/rds/general/user/dtj20/home/signals/NUANCE_SIGNALS/all/P1_2300-131720-0014.wav, -45.510253281830124, -47.54470352093037, -51.67439350238271, -49.4707344914708, -45.663286649673005, -44.43241474875979, -44.6689049476176
/rds/general/user/dtj20/home/signals/NUANCE_SIGNALS/all/P2_237-126133-0006.wav, -41.31020166019974, -36.82986344578891, -38.63079631150549, -45.62492275929281, -40.402511952324986, -39.44200673626423, -40.4631290666636
/rds/general/user/dtj20/home/signals/NUANCE_SIGNALS/all/P2_1995-1826-0000.wav, -45.64738874159825, -48.21131449148078, -52.65410411000253, -51.976017254287044, -48.14413308589141, -45.27243970250113, -43.854680213955945
/rds/general/user/dtj20/home/signals/NUANCE_SIGNALS/all/D1_1089-134686-0016.wav, -51.10366958468681, -52.40976359355089, -57.049236493717345, -56.25526690862312, -52.35420226354967, -49.82395803935737, -48.32817697045172
/rds/general/user/dtj20/home/signals/NUANCE_SIGNALS/all/P1_1320-122612-0013.wav, -46.361068246049115, -47.700641832442415, -50.49418299537973, -49.98087131527056, -47.05890696760164, -45.53695614554633, -45.17215594609412
/rds/general/user/dtj20/home/signals/NUANCE_SIGNALS/all/P2_1089-134686-0016.wav, -43.243460969283504, -44.583894051979804, -48.78658274141316, -47.69525521044565, -43.97778945341574, -41.8391499477415, -41.75098561511426
/rds/general/user/dtj20/home/signals/NUANCE_SIGNALS/all/P1_1580-141083-0013.wav, -37.23301371009256, -38.61662254114038, -43.51730865986365, -45.251438625030744, -41.32312639655369, -38.75581325782211, -39.40630830000131
/rds/general/user/dtj20/home/signals/NUANCE_SIGNALS/all/P1_1284-1180-0017.wav, -46.37487164818999, -48.7069654016291, -53.4165305662562, -52.703696237634475, -48.77698118967822, -45.89690487742148, -44.57315870134133
/rds/general/user/dtj20/home/signals/NUANCE_SIGNALS/all/P2_1580-141083-0013.wav, -35.37237850281773, -37.74654956832903, -40.75692857398833, -38.118009314924635, -36.058179982638315, -34.40944690585617, -34.953649746054026
/rds/general/user/dtj20/home/signals/NUANCE_SIGNALS/all/P2_121-121726-0003.wav, -34.92663123123343, -38.581343768050516, -39.46370613365405, -35.76465806326597, -35.72201142135527, -38.3140400815291, -38.753918236623164
/rds/general/user/dtj20/home/signals/NUANCE_SIGNALS/all/P1_237-126133-0007.wav, -43.2189231632708, -47.39876222531092, -52.21406579314288, -47.50395141086328, -42.09892676110145, -40.4162369866081, -42.40106749478738
/rds/general/user/dtj20/home/signals/NUANCE_SIGNALS/all/D2_1580-141083-0014.wav, -38.43080840470057, -42.87753994670066, -40.846290520747374, -44.0777191093206, -38.54988012375883, -37.10160395839307, -38.49078733516555
/rds/general/user/dtj20/home/signals/NUANCE_SIGNALS/all/P1_1089-134686-0022.wav, -46.82726613244745, -49.180211866082416, -53.66459575517527, -52.13727718113222, -47.51201455503686, -45.22676851301023, -44.95494050987222
/rds/general/user/dtj20/home/signals/NUANCE_SIGNALS/all/D2_1320-122612-0012.wav, -44.93296141957009, -46.66140230663153, -50.70076725269243, -50.1587104685275, -48.72249965239383, -46.409246566758, -45.80402963815277
/rds/general/user/dtj20/home/signals/NUANCE_SIGNALS/all/P1_1284-1180-0014.wav, -45.45776528805096, -47.31358896514244, -48.75670950686092, -49.473726187372876, -44.145369688131, -44.229917546677484, -43.67925200317231
/rds/general/user/dtj20/home/signals/NUANCE_SIGNALS/all/D2_237-126133-0006.wav, -45.98144315719753, -48.40642538178539, -52.463555233699566, -51.50786095851692, -46.81925446222926, -44.95082319214519, -44.95343999712002
/rds/general/user/dtj20/home/signals/NUANCE_SIGNALS/all/D1_1580-141083-0013.wav, -43.21878674811281, -44.93301012138584, -49.08407040913875, -47.126209264623796, -42.93338165404127, -40.17709186676097, -39.16813017749904
/rds/general/user/dtj20/home/signals/NUANCE_SIGNALS/all/D2_3570-5694-0014.wav, -46.142063486634456, -48.90089317463179, -53.398110468464985, -52.683268166614496, -48.30577901223273, -45.68011060549584, -44.52308129749481
/rds/general/user/dtj20/home/signals/NUANCE_SIGNALS/all/P1_2300-131720-0013.wav, -43.52936419638364, -44.77131976038288, -48.393981818049554, -47.20962685803908, -42.694479518541456, -40.79648228615696, -41.199052069918174
/rds/general/user/dtj20/home/signals/NUANCE_SIGNALS/all/D1_237-126133-0001.wav, -48.78008318054584, -50.99619168059422, -54.59556242582714, -52.72752520552614, -48.17519902638761, -45.35255488877069, -45.38702259209232
/rds/general/user/dtj20/home/signals/NUANCE_SIGNALS/all/P1_1580-141083-0014.wav, -40.74044794734994, -41.757122054669225, -45.2880739226312, -45.583540529684676, -42.37898261513177, -40.221940328285186, -40.89461878768182
/rds/general/user/dtj20/home/signals/NUANCE_SIGNALS/all/D2_1580-141083-0004.wav, -29.478651015595105, -45.14342698793517, -36.70431162300324, -35.34616827237257, -27.38032755676158, -35.853366304967864, -38.128938206554935
/rds/general/user/dtj20/home/signals/NUANCE_SIGNALS/all/P1_3570-5694-0012.wav, -43.798699450169856, -47.5893205008022, -53.5590426127984, -50.34843286058467, -44.6099206502392, -42.00679505176312, -41.92230281175655
/rds/general/user/dtj20/home/signals/NUANCE_SIGNALS/all/D1_1995-1826-0017.wav, -48.701811626522904, -50.93663052548814, -54.63277142884694, -54.7252118941249, -50.98205237006009, -48.450133236705696, -46.9381102337029
/rds/general/user/dtj20/home/signals/NUANCE_SIGNALS/all/D1_2300-131720-0005.wav, -42.39284883259557, -44.98487641923695, -48.31777458590225, -47.959185240877034, -44.45099482232372, -42.292947956143024, -40.81632231891608
/rds/general/user/dtj20/home/signals/NUANCE_SIGNALS/all/P2_121-121726-0000.wav, -40.6617802800247, -41.9787876398496, -45.660687142468234, -45.251577011633074, -42.4591293829086, -40.66943237224382, -40.21017926378167
/rds/general/user/dtj20/home/signals/NUANCE_SIGNALS/all/P1_1995-1826-0021.wav, -48.787710045739686, -51.156264987774165, -55.29114587247775, -54.81514703871328, -51.183367106475586, -48.57900592728111, -47.233116922477436
/rds/general/user/dtj20/home/signals/NUANCE_SIGNALS/all/P1_237-126133-0000.wav, -45.136663465248795, -47.87297693465418, -52.54102907584971, -49.84051378711023, -45.200239576909446, -43.535225920422526, -44.91477005837298
/rds/general/user/dtj20/home/signals/NUANCE_SIGNALS/all/D2_2300-131720-0014.wav, -45.979096241006935, -48.897794386644264, -52.61083404442069, -51.22682561147479, -47.607283814116535, -45.41691606981631, -45.20429468958882
/rds/general/user/dtj20/home/signals/NUANCE_SIGNALS/all/D1_1580-141083-0008.wav, -46.14396946643126, -47.96391305714903, -51.33499949760591, -50.92523935260299, -46.37331839880978, -44.293181439652194, -44.13191483794704
/rds/general/user/dtj20/home/signals/NUANCE_SIGNALS/all/D2_1320-122612-0009.wav, -43.731819285091824, -46.232107192372936, -51.44239733810178, -49.509527844073034, -45.54874850721748, -44.4592282652374, -43.57104967331168
/rds/general/user/dtj20/home/signals/NUANCE_SIGNALS/all/D2_121-121726-0007.wav, -43.60587098184055, -43.88658443467972, -47.83867810378176, -48.75789336317439, -44.296586868085896, -43.87109754750352, -44.98142128337415
/rds/general/user/dtj20/home/signals/NUANCE_SIGNALS/all/D1_3570-5694-0004.wav, -47.588944119250165, -49.66420959325055, -54.263048061426375, -53.15023528758122, -48.41533617885034, -46.566827024858455, -46.30123755016872
/rds/general/user/dtj20/home/signals/NUANCE_SIGNALS/all/D2_1284-1180-0001.wav, -45.91476340832182, -48.499141351358475, -53.489857522058344, -52.8170618541656, -48.315460983261225, -45.58768020988271, -44.4500706766713
/rds/general/user/dtj20/home/signals/NUANCE_SIGNALS/all/P1_1284-1180-0011.wav, -40.49973341224067, -42.946212886981925, -47.84809568370036, -47.593204306982514, -43.37939494583022, -40.796146975637775, -39.76779302620878
/rds/general/user/dtj20/home/signals/NUANCE_SIGNALS/all/P2_237-126133-0001.wav, -43.75544815225653, -45.4473399618679, -49.657449945095834, -48.868786542420104, -45.25171805963972, -43.39683757292385, -43.37563820681315
/rds/general/user/dtj20/home/signals/NUANCE_SIGNALS/all/D2_121-121726-0009.wav, -43.123331765241744, -44.919416258334934, -48.47594321725674, -47.95373060484776, -44.332681224055165, -43.8579940480627, -43.1562309045055
/rds/general/user/dtj20/home/signals/NUANCE_SIGNALS/all/D1_121-121726-0003.wav, -43.77020116018524, -45.53596043851202, -48.979854571001766, -47.57949455754573, -43.96267514809098, -41.90779409966031, -41.44249266406323
/rds/general/user/dtj20/home/signals/NUANCE_SIGNALS/all/P1_2300-131720-0016.wav, -43.82166876093316, -45.33646744388165, -49.54666205116372, -48.13720019989029, -44.48853172228242, -43.0331465075774, -42.387150522919114
/rds/general/user/dtj20/home/signals/NUANCE_SIGNALS/all/P1_121-121726-0009.wav, -44.76087012137522, -46.22959954101253, -50.44180152851973, -49.67292203896727, -45.706897117650264, -43.71124052328376, -43.73400698634538
/rds/general/user/dtj20/home/signals/NUANCE_SIGNALS/all/D2_121-121726-0000.wav, -44.673364573993666, -46.943986749188085, -50.824241834896, -49.56568723034407, -46.59866608513285, -44.95865233991822, -44.13677239913571
/rds/general/user/dtj20/home/signals/NUANCE_SIGNALS/all/P1_1089-134686-0000.wav, -45.61698914546089, -48.79442519419787, -53.446750127839934, -50.13412380154496, -45.14135540402527, -43.11384599581651, -43.938349751935945
/rds/general/user/dtj20/home/signals/NUANCE_SIGNALS/all/D1_237-126133-0006.wav, -38.22579082976021, -45.72075115393977, -47.12811331627584, -38.61546107810253, -33.30617669133489, -31.934471059009585, -34.248533760534144
/rds/general/user/dtj20/home/signals/NUANCE_SIGNALS/all/D2_237-126133-0007.wav, -41.100299755038954, -42.59181020821827, -47.29145517902846, -46.473830754908576, -42.019573844808306, -40.15476326140545, -40.56470264943613
/rds/general/user/dtj20/home/signals/NUANCE_SIGNALS/all/P1_3570-5694-0011.wav, -45.70884191535659, -43.6092114653824, -44.45881160598678, -48.177850178095824, -40.77338792668965, -42.52848700169437, -41.017724839871164
/rds/general/user/dtj20/home/signals/NUANCE_SIGNALS/all/P2_1320-122612-0012.wav, -40.73807805367798, -42.82442691244774, -45.485729090326, -45.40118968359693, -42.7054030278243, -41.22989316995596, -41.31600694101424
/rds/general/user/dtj20/home/signals/NUANCE_SIGNALS/all/D1_1284-1180-0011.wav, -41.29195708475563, -43.58906225241594, -48.42620700127014, -46.58925864265014, -41.04171546716507, -38.882176737845796, -38.61962873967176
/rds/general/user/dtj20/home/signals/NUANCE_SIGNALS/all/D1_1320-122612-0012.wav, -48.338620851822014, -48.47946453501126, -51.27170393077587, -50.2745163507329, -47.495824161313806, -47.073500443132794, -45.560085369145526
/rds/general/user/dtj20/home/signals/NUANCE_SIGNALS/all/P1_121-121726-0003.wav, -40.362230986375714, -42.626523332671624, -46.23554142728965, -43.761282883724476, -40.27520554366694, -38.85287530220652, -39.769530882039795
/rds/general/user/dtj20/home/signals/NUANCE_SIGNALS/all/D2_3570-5694-0004.wav, -46.02998521654414, -49.31195522789979, -52.614208485144005, -50.653918402605164, -47.56263844517376, -46.114766730877136, -45.45617795087576
/rds/general/user/dtj20/home/signals/NUANCE_SIGNALS/all/P2_2300-131720-0014.wav, -43.276041483547246, -45.18557699263535, -48.800101299602886, -47.59886579267708, -44.947735047201604, -43.196979169732934, -42.56588426324864
/rds/general/user/dtj20/home/signals/NUANCE_SIGNALS/all/P2_121-121726-0009.wav, -36.07482227470901, -38.93586364314694, -40.934664598314285, -41.433993485887626, -40.75766354162872, -38.4760061889837, -38.6198264472227
/rds/general/user/dtj20/home/signals/NUANCE_SIGNALS/all/P2_3570-5694-0004.wav, -43.65240108497136, -44.239592117753915, -46.490271506299564, -46.879882474941155, -44.3546975630815, -43.32236312326959, -43.10829648599214
/rds/general/user/dtj20/home/signals/NUANCE_SIGNALS/all/D1_1089-134686-0004.wav, -44.80635225140996, -47.445334602826904, -52.421775750122485, -50.770480880763536, -46.0100038660775, -43.40824303278722, -42.437310312243795
/rds/general/user/dtj20/home/signals/NUANCE_SIGNALS/all/P2_3570-5694-0011.wav, -44.72020960860316, -46.56261632411085, -50.59098126108659, -49.673082409825035, -46.4787741840272, -44.17342052681952, -42.99844667063716
/rds/general/user/dtj20/home/signals/NUANCE_SIGNALS/all/P2_1284-1180-0003.wav, -42.10357335834292, -44.334581105341755, -48.679819131692966, -48.035462883336095, -44.106391390546314, -41.319214600861315, -40.06264230561227
/rds/general/user/dtj20/home/signals/NUANCE_SIGNALS/all/P1_1284-1180-0001.wav, -44.96297959326946, -47.493799426124745, -52.63639819474956, -52.365681435514226, -47.76841677428128, -45.24275022687408, -44.30993480924947
/rds/general/user/dtj20/home/signals/NUANCE_SIGNALS/all/D2_1284-1180-0014.wav, -47.23506815881577, -49.456150986080665, -53.29088653472765, -52.50222392432753, -49.02369838438078, -46.80816256609674, -45.81909496112108
/rds/general/user/dtj20/home/signals/NUANCE_SIGNALS/all/D2_1995-1826-0017.wav, -45.88267553891593, -46.236699028483876, -48.992521747039994, -51.53159658522358, -49.39791851874001, -46.891124130940895, -46.20308468998691
/rds/general/user/dtj20/home/signals/NUANCE_SIGNALS/all/D1_121-121726-0009.wav, -43.616034231579654, -44.16174488817091, -49.499563020733945, -46.170513446566375, -42.93627744874462, -41.144480159529905, -41.09950016168611
/rds/general/user/dtj20/home/signals/NUANCE_SIGNALS/all/D2_2300-131720-0013.wav, -27.673920713766663, -41.163659314879425, -35.70628701782635, -33.35862174062599, -26.67900740374884, -26.869760824911076, -25.31639112033682
/rds/general/user/dtj20/home/signals/NUANCE_SIGNALS/all/P2_1089-134686-0008.wav, -45.47683799208794, -46.918520634872976, -51.35246684288277, -49.72176146952524, -47.04274497251244, -44.65812750405347, -43.5735457927484
/rds/general/user/dtj20/home/signals/NUANCE_SIGNALS/all/D1_3575-170457-0001.wav, -43.395974313109484, -45.71811861987274, -50.02880076526683, -48.48649255184532, -44.308224675605004, -41.54759031618625, -40.52906625099073
/rds/general/user/dtj20/home/signals/NUANCE_SIGNALS/all/P2_1284-1180-0011.wav, -37.35977866007875, -39.543155067792995, -43.234600212534076, -42.66254663183084, -39.38707163746637, -37.17907833032776, -36.183104805198354
/rds/general/user/dtj20/home/signals/NUANCE_SIGNALS/all/P1_1320-122612-0001.wav, -43.2115471227183, -44.304247873193816, -46.29334372088792, -45.570477945716405, -43.616508237542135, -41.50066677230492, -40.909578137244864
/rds/general/user/dtj20/home/signals/NUANCE_SIGNALS/all/D1_237-126133-0000.wav, -48.3994825988446, -50.07487549671022, -53.2955721665465, -51.69850314701405, -47.724708717739446, -45.364161449439365, -45.33799197620036
/rds/general/user/dtj20/home/signals/NUANCE_SIGNALS/all/P2_3570-5694-0005.wav, -44.08002245653459, -45.72641355467046, -49.569700484230566, -47.487450421956666, -45.63519631850228, -45.2286134561287, -44.89075972371711
/rds/general/user/dtj20/home/signals/NUANCE_SIGNALS/all/D2_1320-122612-0013.wav, -45.054002515057135, -47.34464034434403, -50.517994720364534, -49.33673303885004, -47.4615808153731, -46.295398977699506, -45.20967133056033
/rds/general/user/dtj20/home/signals/NUANCE_SIGNALS/all/P2_3575-170457-0008.wav, -41.61717971968614, -44.206413431362066, -48.41515055025432, -47.44770090331576, -43.77272436062942, -41.71225805712301, -41.34179814299241
/rds/general/user/dtj20/home/signals/NUANCE_SIGNALS/all/D2_3570-5694-0012.wav, -46.323205000646524, -48.69079249834215, -53.99582742623153, -52.93356667719224, -48.41347459123331, -46.270535972209444, -45.11505899909875
/rds/general/user/dtj20/home/signals/NUANCE_SIGNALS/all/D2_1089-134686-0004.wav, -44.75803952265498, -47.17893340880158, -50.86696637437992, -50.231879693575564, -45.495507812243346, -43.20225122651422, -43.026103119305034
/rds/general/user/dtj20/home/signals/NUANCE_SIGNALS/all/P2_237-126133-0007.wav, -41.55614060219116, -42.839296472274775, -46.7000594755702, -45.45913716351105, -43.01485039495964, -41.464208331701, -41.344854813488354
/rds/general/user/dtj20/home/signals/NUANCE_SIGNALS/all/P2_1320-122612-0016.wav, -44.0822328539792, -45.44971523909926, -48.40705623561423, -46.939514845948985, -45.46910368641161, -43.94535217716118, -43.29517081617523
/rds/general/user/dtj20/home/signals/NUANCE_SIGNALS/all/D2_2300-131720-0005.wav, -41.787431070208754, -44.31228622996387, -47.506499506655864, -45.54537202297098, -40.75473252959397, -38.49357124700084, -38.56911140445738
/rds/general/user/dtj20/home/signals/NUANCE_SIGNALS/all/P2_1284-1180-0014.wav, -43.44178960301122, -45.653303419115375, -49.65068425014194, -48.89045627561917, -45.15037093757498, -42.394101222736644, -41.37555884541058
/rds/general/user/dtj20/home/signals/NUANCE_SIGNALS/all/D2_1284-1180-0003.wav, -43.70224515517967, -45.99053728931298, -49.40439176926646, -48.24312761093441, -44.63337686420198, -42.8740597490636, -41.5425703737252
/rds/general/user/dtj20/home/signals/NUANCE_SIGNALS/all/D1_1284-1180-0014.wav, -47.49847521072411, -50.12595286132629, -54.77266431736968, -54.033649720174246, -49.51008941855822, -46.79436548490653, -45.34992496186436
/rds/general/user/dtj20/home/signals/NUANCE_SIGNALS/all/P1_1284-1180-0003.wav, -42.184921334640336, -45.119924228744104, -50.65579417996153, -49.890557819687956, -45.307350103161625, -42.92474737371976, -42.46197371843874
/rds/general/user/dtj20/home/signals/NUANCE_SIGNALS/all/D2_1089-134686-0008.wav, -47.92320514165338, -51.61868531550151, -51.93083113040957, -53.80026458272751, -48.86307061184213, -46.48062712301438, -46.09824547936067
/rds/general/user/dtj20/home/signals/NUANCE_SIGNALS/all/D1_2300-131720-0013.wav, -44.713380220005845, -44.14605285983257, -49.83680808676644, -47.4575701984866, -45.511654835330546, -42.936909957023445, -41.417831188230835
/rds/general/user/dtj20/home/signals/NUANCE_SIGNALS/all/D1_3575-170457-0013.wav, -45.78802344663451, -48.239785912484464, -52.62750715645787, -50.37471128971845, -46.77747479511453, -44.40683561213213, -43.65136971484994
/rds/general/user/dtj20/home/signals/NUANCE_SIGNALS/all/D2_1995-1826-0021.wav, -47.75071018385013, -50.041857800290195, -54.12361847208827, -53.08454225504023, -50.35190440783773, -47.581126221371306, -46.383019932893816
/rds/general/user/dtj20/home/signals/NUANCE_SIGNALS/all/P2_1089-134686-0000.wav, -42.5204843730811, -44.01342244744516, -48.203287091987306, -47.56962252385809, -43.75124091768433, -41.29799614678909, -40.60870849378241
/rds/general/user/dtj20/home/signals/NUANCE_SIGNALS/all/P1_1580-141083-0008.wav, -42.08115225869136, -46.437822239503845, -50.22998039633784, -45.202274954640636, -39.969992040382806, -37.94374697095554, -39.16357735483638
/rds/general/user/dtj20/home/signals/NUANCE_SIGNALS/all/P2_121-121726-0007.wav, -36.92147727892952, -39.520864658878125, -42.321484083900614, -41.04738382602207, -38.96224447232613, -39.6281496347263, -40.470824664139506
/rds/general/user/dtj20/home/signals/NUANCE_SIGNALS/all/D1_2300-131720-0014.wav, -48.37163238306685, -50.67458666233209, -54.776727683317674, -53.59336609735984, -49.55025681147519, -47.05495877056037, -45.96869025770174
/rds/general/user/dtj20/home/signals/NUANCE_SIGNALS/all/P2_3575-170457-0020.wav, -39.02869909816656, -41.25003243809084, -44.753913446492106, -44.47008756921325, -40.42315694740067, -38.19861942250922, -38.19054478924183
/rds/general/user/dtj20/home/signals/NUANCE_SIGNALS/all/D2_2300-131720-0016.wav, -42.688820279757216, -44.67775115203412, -47.92573442335885, -48.397418022220805, -45.218010199399814, -43.001632986161304, -42.26182346812918
/rds/general/user/dtj20/home/signals/NUANCE_SIGNALS/all/D2_1995-1826-0009.wav, -47.46807185088901, -49.24825359171684, -52.389369916272955, -52.3830914374779, -49.62702242185528, -47.487580941534866, -46.45820566518349
/rds/general/user/dtj20/home/signals/NUANCE_SIGNALS/all/D2_3570-5694-0005.wav, -48.700973109601684, -50.89077414738101, -53.78283492978931, -54.19311411634585, -50.36203149338088, -48.424943721541695, -47.48448146698763
/rds/general/user/dtj20/home/signals/NUANCE_SIGNALS/all/P1_237-126133-0008.wav, -48.69166884096718, -50.96285550109671, -55.351067980960124, -54.734531667666175, -50.617115329604026, -48.893928637625706, -48.52144131949444
/rds/general/user/dtj20/home/signals/NUANCE_SIGNALS/all/D2_3575-170457-0008.wav, -46.71679700136734, -48.94320781235237, -52.51033952453223, -51.9036386538211, -48.734127598908834, -46.64353276882254, -45.60162251934621
/rds/general/user/dtj20/home/signals/NUANCE_SIGNALS/all/D2_3575-170457-0013.wav, -45.542618754790844, -47.626292189051426, -51.17248426265721, -50.49389789535111, -47.80538203807709, -45.841782561684134, -44.86008621432812
/rds/general/user/dtj20/home/signals/NUANCE_SIGNALS/all/P1_1089-134686-0004.wav, -42.374641599225804, -44.463855529476206, -49.71613871519196, -48.03778364733788, -42.66438397589628, -40.49067731651579, -41.07688117880965
/rds/general/user/dtj20/home/signals/NUANCE_SIGNALS/all/D2_237-126133-0000.wav, -44.826234469567225, -46.00787789974157, -49.81553151587028, -52.50860438458507, -47.97576016342046, -46.48101505484693, -46.21516886333521
/rds/general/user/dtj20/home/signals/NUANCE_SIGNALS/all/D2_3575-170457-0000.wav, -42.080734449958996, -44.62904259976373, -47.991807878098896, -46.77925924602624, -44.36038688700151, -42.49541296948976, -42.075520912617876
/rds/general/user/dtj20/home/signals/NUANCE_SIGNALS/all/D1_3570-5694-0014.wav, -46.4844302483451, -49.03117186505824, -53.72668805895729, -52.44519840811266, -47.624474187622596, -44.96636394208002, -44.136786901647525
/rds/general/user/dtj20/home/signals/NUANCE_SIGNALS/all/D2_121-121726-0003.wav, -41.353893642664666, -43.522579596328114, -46.25662500621698, -46.8562377835707, -43.78211504619398, -41.955158901182315, -41.95853521894479
/rds/general/user/dtj20/home/signals/NUANCE_SIGNALS/all/D1_121-121726-0004.wav, -45.76637444180706, -47.42309644760222, -51.37571089959377, -50.64700889796504, -46.12767157003481, -44.61006183629487, -44.278819517558716
/rds/general/user/dtj20/home/signals/NUANCE_SIGNALS/all/D1_1995-1826-0021.wav, -49.44363163969186, -51.7239835274878, -56.093046521431454, -55.1700441231248, -51.369235164255436, -48.56021504847155, -46.9092043127898
/rds/general/user/dtj20/home/signals/NUANCE_SIGNALS/all/P1_3570-5694-0005.wav, -49.38759166737499, -51.34087227058365, -55.94764098703954, -54.95771306115795, -51.11879655144736, -48.61580332432848, -47.82107106525024
/rds/general/user/dtj20/home/signals/NUANCE_SIGNALS/all/D2_1284-1180-0017.wav, -46.79596205768151, -49.404336757222715, -54.096734747990666, -52.90367572244761, -49.01431163425375, -46.30512206520347, -44.77409328052397
/rds/general/user/dtj20/home/signals/NUANCE_SIGNALS/all/D1_1089-134686-0008.wav, -50.08572333328268, -51.97171528624458, -55.70629341730558, -55.19092931783114, -51.200639608897035, -48.72217342763381, -47.68268256666148
/rds/general/user/dtj20/home/signals/NUANCE_SIGNALS/all/D1_1089-134686-0022.wav, -47.732305184110295, -50.169491136759135, -55.07360642781174, -54.21946107937554, -49.27991306771289, -46.263540266545036, -45.0798834197716
/rds/general/user/dtj20/home/signals/NUANCE_SIGNALS/all/D1_1320-122612-0016.wav, -46.76618516707637, -49.26100865165054, -52.46557112262315, -51.54734309234098, -47.01072234772866, -43.907626566220216, -42.99576148584676
/rds/general/user/dtj20/home/signals/NUANCE_SIGNALS/all/P2_3575-170457-0000.wav, -39.196231382917546, -41.266779188844716, -45.202176087769345, -44.03085884477002, -40.09257344875983, -37.56213824822036, -37.30838793952248
/rds/general/user/dtj20/home/signals/NUANCE_SIGNALS/all/D1_1320-122612-0001.wav, -44.16056044594578, -43.88344999498432, -46.89450966356045, -46.5051959113125, -43.50516237350227, -42.55034141836325, -42.043865632218605
/rds/general/user/dtj20/home/signals/NUANCE_SIGNALS/all/P1_121-121726-0000.wav, -44.94990184663286, -46.54752082102877, -50.005808515598254, -49.16548458312266, -45.369056403914875, -43.82974802020389, -43.83208460571517
/rds/general/user/dtj20/home/signals/NUANCE_SIGNALS/all/D1_121-121726-0007.wav, -45.61240554937917, -47.58604896644297, -51.53636345798708, -50.46231996009467, -46.44396029364149, -44.219480625684746, -43.63168288092383
/rds/general/user/dtj20/home/signals/NUANCE_SIGNALS/all/P2_1089-134686-0022.wav, -42.95869282121862, -45.051743733932156, -49.66168332122588, -49.27668145077756, -45.257332134693755, -42.83541139972206, -42.28883624306671
