/rds/general/user/dtj20/home/signals/NUANCE_SIGNALS/all/P2_1284-1180-0001.wav, -37.91601383357977, -40.379915182588746, -45.4023542161416, -44.88945516945868, -40.21936696616984, -37.40496432049699, -36.027059967872006
/rds/general/user/dtj20/home/signals/NUANCE_SIGNALS/all/P1_3570-5694-0014.wav, -40.67735444568324, -43.474214296987, -48.63854856424655, -47.81134419149275, -43.33461022826008, -40.45844392387842, -39.04172817904504
/rds/general/user/dtj20/home/signals/NUANCE_SIGNALS/all/D1_1284-1180-0001.wav, -41.697756999785184, -44.282615149998385, -49.07574303854169, -47.87985658585056, -43.112777188793274, -40.15337149145377, -38.91537740939712
/rds/general/user/dtj20/home/signals/NUANCE_SIGNALS/all/P1_121-121726-0004.wav, -36.898872577475814, -38.930158561061155, -43.45412705732609, -43.65596274706551, -39.17099623963999, -35.49571561719113, -33.485302078743956
/rds/general/user/dtj20/home/signals/NUANCE_SIGNALS/all/P1_1320-122612-0016.wav, -43.60173531664135, -46.02815758285003, -49.308555680815836, -48.90398152750975, -45.47246410295686, -42.909062189076494, -41.832925475502726
/rds/general/user/dtj20/home/signals/NUANCE_SIGNALS/all/D1_3575-170457-0000.wav, -41.25909032811904, -43.45393146663817, -47.49333844058902, -46.42494520834639, -42.27139623501778, -39.79660492709232, -38.99307566862698
/rds/general/user/dtj20/home/signals/NUANCE_SIGNALS/all/D2_1089-134686-0016.wav, -44.938609697135306, -46.58576665703837, -50.5484375848929, -49.511316709370206, -45.495313239258046, -43.03309816144575, -41.71456105491694
/rds/general/user/dtj20/home/signals/NUANCE_SIGNALS/all/D1_121-121726-0000.wav, -42.22910472673944, -44.690683250075736, -48.69470537326383, -46.850632710607705, -42.385844221046504, -39.54329042006364, -38.47467685828445
/rds/general/user/dtj20/home/signals/NUANCE_SIGNALS/all/D1_1320-122612-0009.wav, -41.9830315355378, -44.563679068563964, -49.1484978019627, -48.02359778002105, -43.601175890300105, -40.63934713635711, -39.171919419482904
/rds/general/user/dtj20/home/signals/NUANCE_SIGNALS/all/P1_3575-170457-0001.wav, -39.31554229777816, -42.283354295735336, -46.79849877404112, -45.43212183338227, -40.84879189432574, -38.66850751629819, -38.61681858675858
/rds/general/user/dtj20/home/signals/NUANCE_SIGNALS/all/D2_1995-1826-0015.wav, -43.32313119614269, -45.887045358077515, -50.491170872034104, -49.63923812844599, -45.849872165640086, -43.3483582972606, -41.97821645537017
/rds/general/user/dtj20/home/signals/NUANCE_SIGNALS/all/P2_2300-131720-0008.wav, -38.906439249711994, -41.341024714723396, -45.07499322769508, -44.51107565033287, -41.183775533551966, -38.67340889861523, -36.94129394521467
/rds/general/user/dtj20/home/signals/NUANCE_SIGNALS/all/D2_1580-141083-0000.wav, -29.376426499488133, -33.03235889745388, -39.47574891209916, -39.41500827655997, -39.659301610429075, -38.61694638361903, -35.30235715544374
/rds/general/user/dtj20/home/signals/NUANCE_SIGNALS/all/P1_1580-141083-0004.wav, -42.831863539464116, -44.801776905304635, -47.754350490806125, -47.27890327303967, -44.969564508439966, -42.52353954120324, -41.28701234477346
/rds/general/user/dtj20/home/signals/NUANCE_SIGNALS/all/D1_1580-141083-0004.wav, -46.00718350161355, -47.84380594803143, -50.03309531520844, -49.313180813444006, -46.66246264076919, -44.552431935967114, -43.725284189442476
/rds/general/user/dtj20/home/signals/NUANCE_SIGNALS/all/D2_1284-1180-0011.wav, -35.139363682791554, -37.66012604083846, -42.880714570781784, -41.76670295833853, -36.733860064831305, -33.63461912369786, -32.23165245668344
/rds/general/user/dtj20/home/signals/NUANCE_SIGNALS/all/P2_1580-141083-0014.wav, -37.69789308234983, -39.38019418789194, -42.910953345501525, -42.63287345478616, -40.28129236019375, -38.75192075730556, -38.06387709276269
/rds/general/user/dtj20/home/signals/NUANCE_SIGNALS/all/P2_1320-122612-0013.wav, -36.565784404558514, -34.41122808454966, -40.64472709179333, -40.06437819983746, -36.819355547291025, -36.40452200280116, -34.09127141109049
/rds/general/user/dtj20/home/signals/NUANCE_SIGNALS/all/D2_1089-134686-0000.wav, -44.61832529005996, -46.904089010317136, -51.553303770413876, -50.75637683687083, -46.903440875163305, -44.3710453400231, -43.13564372128081
/rds/general/user/dtj20/home/signals/NUANCE_SIGNALS/all/P2_1320-122612-0009.wav, -36.77435555988675, -39.270644885529165, -44.09385740856059, -43.312675662650754, -39.10070715407021, -36.695239052511965, -35.357619509519054
/rds/general/user/dtj20/home/signals/NUANCE_SIGNALS/all/P1_1995-1826-0015.wav, -43.59186234505596, -45.969126091082344, -50.270320365805155, -49.474217270176986, -45.80562362537328, -43.21942365400477, -42.40370212649878
/rds/general/user/dtj20/home/signals/NUANCE_SIGNALS/all/P1_3575-170457-0000.wav, -38.92688018458937, -41.21125019109583, -45.47518474064657, -44.89111781433984, -40.631491716678745, -38.09111102571832, -37.263226147004524
/rds/general/user/dtj20/home/signals/NUANCE_SIGNALS/all/P2_3570-5694-0014.wav, -39.937502896608244, -42.37822048010233, -47.08106365809306, -46.652322172761046, -42.49903804395672, -39.832040817823184, -38.58358140058174
/rds/general/user/dtj20/home/signals/NUANCE_SIGNALS/all/P2_1089-134686-0004.wav, -36.391039797296386, -36.54980936591304, -40.351150857719425, -39.99288944036334, -36.98080487166363, -36.18932478696523, -36.43233161571512
/rds/general/user/dtj20/home/signals/NUANCE_SIGNALS/all/D1_3570-5694-0012.wav, -35.8178424671233, -37.974886986876584, -44.06400412407746, -41.02096339589136, -35.297858741588406, -32.05532839980619, -29.99073372446442
/rds/general/user/dtj20/home/signals/NUANCE_SIGNALS/all/P1_1995-1826-0017.wav, -40.14568128854439, -42.98688250102748, -48.03963405517766, -47.408695289323575, -42.85768771379529, -39.768479405025715, -38.23810272793313
/rds/general/user/dtj20/home/signals/NUANCE_SIGNALS/all/D1_1995-1826-0015.wav, -44.198078969570425, -46.35527555483178, -50.0044701292377, -49.20803142116846, -45.24455100173235, -42.39171021362475, -41.09679637826298
/rds/general/user/dtj20/home/signals/NUANCE_SIGNALS/all/D1_1995-1826-0009.wav, -45.11955341517891, -47.257414202708205, -51.28626342750087, -49.24624587873883, -46.17865696357724, -43.31528971189017, -42.01175393952703
/rds/general/user/dtj20/home/signals/NUANCE_SIGNALS/all/P2_1580-141083-0008.wav, -40.21659412361038, -41.91619231332177, -45.57187838602685, -44.93647541766316, -41.632887273559895, -39.79589606150067, -39.037400107528164
/rds/general/user/dtj20/home/signals/NUANCE_SIGNALS/all/D2_3575-170457-0020.wav, -40.88203772101156, -43.092065249474594, -47.76641747694584, -47.087604817850064, -43.136866475646904, -40.91333481813368, -39.823627062132594
/rds/general/user/dtj20/home/signals/NUANCE_SIGNALS/all/D2_2300-131720-0008.wav, -28.23372697211824, -31.463255104100373, -37.2980103879537, -36.145629795166656, -30.841320802482958, -27.4096629664963, -25.368883804795477
/rds/general/user/dtj20/home/signals/NUANCE_SIGNALS/all/P2_1995-1826-0015.wav, -39.784733154653175, -42.19047151831923, -47.03902770418477, -46.56164636901792, -42.4712877200256, -39.957188308276216, -38.81435653939094
/rds/general/user/dtj20/home/signals/NUANCE_SIGNALS/all/P2_3575-170457-0013.wav, -38.14230159932387, -39.90542675128481, -44.913712510323485, -44.43668613967791, -40.37814579831232, -37.799966420863555, -36.45150057609098
/rds/general/user/dtj20/home/signals/NUANCE_SIGNALS/all/P1_3575-170457-0008.wav, -42.11375488489264, -44.39983382997152, -48.85453156051369, -48.23737732277092, -44.22029179599862, -41.536492265279456, -40.341896201101335
/rds/general/user/dtj20/home/signals/NUANCE_SIGNALS/all/D1_1320-122612-0013.wav, -45.52210551912516, -47.80644962825134, -51.195030782914586, -49.649127185480246, -47.08248608362397, -44.36486095115336, -43.29668602948682
/rds/general/user/dtj20/home/signals/NUANCE_SIGNALS/all/P2_1995-1826-0021.wav, -40.81295695533119, -43.712820848970715, -48.92581808136705, -48.236364731380135, -43.543039506506354, -40.35512489335201, -38.457269282104
/rds/general/user/dtj20/home/signals/NUANCE_SIGNALS/all/D1_237-126133-0007.wav, -43.21496073524928, -44.99615762315325, -48.834346198688216, -47.03389893840006, -42.35088740577816, -39.43215456618731, -38.340055266705726
/rds/general/user/dtj20/home/signals/NUANCE_SIGNALS/all/D1_1089-134686-0000.wav, -41.97477659540183, -44.32424507260063, -47.96854522904452, -47.155985157312045, -42.857766801635, -39.909468842501504, -38.42734555213162
/rds/general/user/dtj20/home/signals/NUANCE_SIGNALS/all/P1_1995-1826-0000.wav, -43.30911724488362, -46.27730652417184, -51.49976473991876, -50.81490385395752, -46.20192113549913, -43.07629404560881, -41.3107456933372
/rds/general/user/dtj20/home/signals/NUANCE_SIGNALS/all/P1_1089-134686-0016.wav, -40.14968606840546, -43.032710568629106, -48.353587855000825, -48.213243845128574, -43.792131462109545, -41.01551381466875, -39.848252163669144
/rds/general/user/dtj20/home/signals/NUANCE_SIGNALS/all/P2_237-126133-0008.wav, -42.46139964669833, -44.74333046771218, -49.45684994489892, -48.592320103674844, -44.26759982508636, -41.55268519130661, -40.2026098748457
/rds/general/user/dtj20/home/signals/NUANCE_SIGNALS/all/D2_1995-1826-0000.wav, -44.18666681962627, -46.908370985325156, -51.628822322974244, -50.59216430291481, -46.42229857270788, -43.10831179272546, -41.39581502826352
/rds/general/user/dtj20/home/signals/NUANCE_SIGNALS/all/P2_1580-141083-0000.wav, -42.78599622373924, -44.54308991209913, -47.23585186572216, -46.67078239208037, -43.942270898397304, -43.15544369358689, -42.6712946786348
/rds/general/user/dtj20/home/signals/NUANCE_SIGNALS/all/D2_3575-170457-0001.wav, -40.216977469647446, -42.741476301509344, -46.98808508554518, -45.19335796720557, -42.02763928992827, -39.67834818776739, -38.6959481032845
/rds/general/user/dtj20/home/signals/NUANCE_SIGNALS/all/D2_1580-141083-0013.wav, -39.41040836896517, -41.45175441047489, -45.59824270004156, -44.74807477289314, -41.436092865084774, -39.63808266362408, -38.97448579713448
/rds/general/user/dtj20/home/signals/NUANCE_SIGNALS/all/P1_3575-170457-0013.wav, -41.25559189215285, -43.40296028314157, -47.67273372604316, -46.752098631549465, -42.98551900263102, -40.70565641352039, -39.63971634408733
/rds/general/user/dtj20/home/signals/NUANCE_SIGNALS/all/D2_1580-141083-0008.wav, -41.43395492142484, -43.7405563688519, -47.79905313862379, -46.989505828746765, -43.69756700317201, -42.183969859257815, -41.7858025115427
/rds/general/user/dtj20/home/signals/NUANCE_SIGNALS/all/P2_1995-1826-0017.wav, -34.25949834886173, -37.51540270603653, -43.28645793344009, -42.64325415651608, -37.01652031780717, -33.35245033292553, -31.05107099340116
/rds/general/user/dtj20/home/signals/NUANCE_SIGNALS/all/D1_237-126133-0008.wav, -44.09133760687663, -46.27221502318604, -50.35154253847645, -49.285129470910846, -45.282430737715096, -42.545243652702915, -41.23946228554601
/rds/general/user/dtj20/home/signals/NUANCE_SIGNALS/all/P1_3575-170457-0020.wav, -37.97855254144857, -40.52519613984148, -45.449955000835615, -44.76981077935663, -40.162118827717386, -37.57365169072384, -36.51081940959544
/rds/general/user/dtj20/home/signals/NUANCE_SIGNALS/all/D2_121-121726-0004.wav, -43.351873201149225, -45.60522137632575, -49.78810016635994, -48.72679470044961, -45.20963842389095, -42.98141151271289, -41.827930132260875
/rds/general/user/dtj20/home/signals/NUANCE_SIGNALS/all/D2_3570-5694-0011.wav, -43.73608595725629, -46.50634439084278, -51.348441572182814, -50.4083678968675, -46.19683595324429, -43.193029827398455, -41.33966143714843
/rds/general/user/dtj20/home/signals/NUANCE_SIGNALS/all/D1_3570-5694-0011.wav, -42.71008595649625, -46.01337588201801, -48.99072714051448, -49.30247208491045, -44.425301885347004, -42.08534566169184, -40.9585227911915
/rds/general/user/dtj20/home/signals/NUANCE_SIGNALS/all/P2_2300-131720-0005.wav, -35.628657773620745, -38.51799966760183, -43.377350522325095, -42.60721828829615, -38.20242469761909, -35.18512061991559, -33.40879448445206
/rds/general/user/dtj20/home/signals/NUANCE_SIGNALS/all/P1_121-121726-0007.wav, -42.960304963379706, -44.35405838219918, -47.64453364718677, -47.76837495474024, -44.777250541275905, -42.381022084582526, -41.14981678380726
/rds/general/user/dtj20/home/signals/NUANCE_SIGNALS/all/P1_1089-134686-0008.wav, -39.05510583283192, -41.57315491912777, -46.71636736142541, -46.19530385797137, -41.734105962026035, -39.00937572834491, -37.551166282652446
/rds/general/user/dtj20/home/signals/NUANCE_SIGNALS/all/P1_1580-141083-0000.wav, -43.3529584732533, -45.35423055275966, -47.585427175235814, -47.30001014177569, -45.08875499668147, -42.67660298415467, -41.354247338949584
/rds/general/user/dtj20/home/signals/NUANCE_SIGNALS/all/P2_3575-170457-0001.wav, -34.83331390912849, -37.32946658870708, -42.363185879593814, -41.84212117086148, -37.37151512249886, -34.836319794041394, -33.804857849427144
/rds/general/user/dtj20/home/signals/NUANCE_SIGNALS/all/D1_3575-170457-0020.wav, -40.62391332717068, -43.22095356799454, -47.856997576578735, -46.113723046486584, -41.169969714435986, -38.174941217088, -37.107218467002625
/rds/general/user/dtj20/home/signals/NUANCE_SIGNALS/all/P1_2300-131720-0005.wav, -34.80528356961698, -37.832006918485355, -43.25982796666473, -42.440172008821776, -37.74848483005779, -34.54515886092321, -32.855972458112376
/rds/general/user/dtj20/home/signals/NUANCE_SIGNALS/all/P2_1320-122612-0001.wav, -38.19510345223445, -40.29545324490391, -43.90183127881306, -42.25986881070682, -40.1191898459598, -37.85794349679344, -36.42234181962647
/rds/general/user/dtj20/home/signals/NUANCE_SIGNALS/all/P2_121-121726-0004.wav, -41.13349564999847, -42.23269582014992, -46.1752151621755, -45.99361726317131, -42.95581906364958, -41.63749725139802, -41.26507749102987
/rds/general/user/dtj20/home/signals/NUANCE_SIGNALS/all/D1_2300-131720-0016.wav, -40.0011744057144, -40.97695439919355, -40.97072126668195, -44.3166298369287, -35.908837300055914, -34.40502017287079, -37.267005297249675
/rds/general/user/dtj20/home/signals/NUANCE_SIGNALS/all/P1_1320-122612-0009.wav, -40.565401449090714, -43.35256856297544, -48.12541952185782, -47.73314934712865, -43.36720424426878, -40.236125361670354, -38.654172734044394
/rds/general/user/dtj20/home/signals/NUANCE_SIGNALS/all/D1_1580-141083-0000.wav, -45.11376878056094, -46.893861476261726, -49.57653865890221, -48.44130886684228, -45.51244227661207, -43.21326654250338, -42.286493114599
/rds/general/user/dtj20/home/signals/NUANCE_SIGNALS/all/D2_1089-134686-0022.wav, -44.42433874588907, -44.126753170139914, -45.93824749018119, -47.29188239244807, -45.578440806044114, -44.48269324655872, -42.39978070715055
/rds/general/user/dtj20/home/signals/NUANCE_SIGNALS/all/D1_1995-1826-0000.wav, -45.32531899710567, -47.865489752747976, -52.08193198923779, -51.06702907246156, -47.13989525245053, -44.29671337994137, -42.796762448220676
/rds/general/user/dtj20/home/signals/NUANCE_SIGNALS/all/P2_2300-131720-0016.wav, -37.29073917740468, -39.258339618015455, -42.3580023861095, -41.92474105938747, -39.12266312037118, -36.83007232242031, -35.4572223626997
/rds/general/user/dtj20/home/signals/NUANCE_SIGNALS/all/D2_237-126133-0001.wav, -39.05087091864275, -41.147673452126895, -45.79186482815808, -44.33831958261425, -40.03812620665907, -38.54227417344802, -39.27944410222949
/rds/general/user/dtj20/home/signals/NUANCE_SIGNALS/all/P1_1995-1826-0009.wav, -43.44528151333584, -45.58058881090113, -46.56949201461255, -46.94844955644201, -45.394633126670044, -41.911595613432546, -41.117391116761596
/rds/general/user/dtj20/home/signals/NUANCE_SIGNALS/all/P2_3570-5694-0012.wav, -39.446611608991184, -41.5428217165304, -46.398072714114676, -45.3930858171548, -40.74319606774175, -37.96962530460442, -36.63396859913628
/rds/general/user/dtj20/home/signals/NUANCE_SIGNALS/all/P2_2300-131720-0013.wav, -25.36249880794808, -28.85753777846095, -35.04359887249229, -35.00441832041225, -29.788250649144015, -26.741604010046494, -24.931716337171235
/rds/general/user/dtj20/home/signals/NUANCE_SIGNALS/all/D1_3575-170457-0008.wav, -45.37419586687656, -47.34636411695608, -50.895220679425094, -50.038229680910646, -46.710804490204076, -44.272797092759134, -43.27410978079341
/rds/general/user/dtj20/home/signals/NUANCE_SIGNALS/all/P1_237-126133-0006.wav, -39.94242948842661, -42.35920131488587, -47.08620127014754, -45.58720564943278, -40.98881625643094, -38.46050808757389, -37.86172737526643
/rds/general/user/dtj20/home/signals/NUANCE_SIGNALS/all/P1_1320-122612-0012.wav, -41.77712947656357, -44.26110957185742, -47.94155757857659, -47.60726799021232, -44.287270863431985, -41.44963899329664, -40.04005598796283
/rds/general/user/dtj20/home/signals/NUANCE_SIGNALS/all/D2_1320-122612-0016.wav, -44.159976407843054, -46.54820326183082, -50.022083189890424, -48.8212789240974, -44.9964881975669, -42.88761617350329, -42.341800472028375
/rds/general/user/dtj20/home/signals/NUANCE_SIGNALS/all/P2_1284-1180-0017.wav, -38.780958127107965, -41.63731162740503, -46.80160568132038, -46.042883061568375, -41.37761306222615, -38.26613759968966, -36.6027425190993
/rds/general/user/dtj20/home/signals/NUANCE_SIGNALS/all/P2_1995-1826-0009.wav, -40.67991808402658, -43.0576973675263, -47.884885983161226, -47.38143425582998, -43.117214090978266, -40.5700459546196, -39.16378145197628
/rds/general/user/dtj20/home/signals/NUANCE_SIGNALS/all/D1_2300-131720-0008.wav, -40.409343478844235, -42.86341596988797, -47.14995207687534, -45.92453430713698, -42.1690013468823, -39.354745558621865, -37.7925565246586
/rds/general/user/dtj20/home/signals/NUANCE_SIGNALS/all/D2_1320-122612-0001.wav, -40.67651678198121, -42.76381399998617, -46.55144883180289, -46.40843456509646, -43.511717421886885, -41.48069419465603, -40.012883501811245
/rds/general/user/dtj20/home/signals/NUANCE_SIGNALS/all/D1_1284-1180-0003.wav, -38.13711619129657, -41.0513019358418, -46.483122045360226, -45.85746053965818, -41.05362067446628, -38.005253365703254, -36.56159035839983
/rds/general/user/dtj20/home/signals/NUANCE_SIGNALS/all/P1_3570-5694-0004.wav, -42.53610300241394, -45.0043814965996, -49.2419457679551, -47.79449169558006, -44.217816550161395, -41.85908363713702, -40.10397819247401
/rds/general/user/dtj20/home/signals/NUANCE_SIGNALS/all/P1_2300-131720-0014.wav, -34.532623414132686, -37.950128475442426, -43.653347395683014, -43.01667527119311, -38.079218134206585, -34.84713504057091, -33.074740175700704
/rds/general/user/dtj20/home/signals/NUANCE_SIGNALS/all/P2_237-126133-0006.wav, -40.54805701614268, -42.45018736632109, -46.04926430178435, -45.84446197363992, -42.36467919151088, -40.21819337569951, -39.658183311013595
/rds/general/user/dtj20/home/signals/NUANCE_SIGNALS/all/D1_1580-141083-0014.wav, -41.71930454197973, -42.99761955987162, -43.942997866372494, -42.89756138227186, -40.84194025057463, -38.431079968182765, -37.463090592173664
/rds/general/user/dtj20/home/signals/NUANCE_SIGNALS/all/P1_237-126133-0001.wav, -42.86872871712088, -42.981044423306145, -46.46253291898155, -47.826863685753054, -44.41459869590915, -40.37344918860539, -38.503863843067606
/rds/general/user/dtj20/home/signals/NUANCE_SIGNALS/all/P2_1580-141083-0004.wav, -33.47649971932513, -34.67042161581721, -39.78946390885015, -42.05745129367122, -39.710712568345855, -38.080128740238315, -37.17671405833088
/rds/general/user/dtj20/home/signals/NUANCE_SIGNALS/all/D1_3570-5694-0005.wav, -41.88040808101664, -44.683320740509664, -49.4059264765825, -48.628322410095365, -44.35112639915825, -41.44403236250645, -39.91444021857006
/rds/general/user/dtj20/home/signals/NUANCE_SIGNALS/all/P2_237-126133-0000.wav, -40.93159170667015, -42.518318899455494, -46.39847619840648, -46.38749270617982, -43.00341326077442, -41.66752037007491, -41.32288885679314
/rds/general/user/dtj20/home/signals/NUANCE_SIGNALS/all/D2_237-126133-0008.wav, -45.27306298548103, -46.72482616628193, -51.03345683356775, -50.12469413520938, -46.173193925931066, -44.336808202916416, -44.02212937778215
/rds/general/user/dtj20/home/signals/NUANCE_SIGNALS/all/D1_1284-1180-0017.wav, -42.48492300474613, -45.048977483717, -49.75047706883032, -48.724214497682354, -44.116549090448075, -41.07741708169784, -39.55786246115072
/rds/general/user/dtj20/home/signals/NUANCE_SIGNALS/all/P1_2300-131720-0008.wav, -40.826288235794564, -43.60900471016357, -48.103584331195236, -46.68218360699954, -42.63294586280117, -39.50296960089963, -38.31261234937068
/rds/general/user/dtj20/home/signals/NUANCE_SIGNALS/all/P1_1284-1180-0014.wav, -38.649114491459855, -41.64381369646862, -47.13088981102811, -46.736557944727565, -41.945645978699275, -38.87213194116867, -37.33266853205714
/rds/general/user/dtj20/home/signals/NUANCE_SIGNALS/all/D2_237-126133-0006.wav, -43.74106394171493, -45.90829371679479, -50.107576834932644, -49.36699710589566, -45.548104112747026, -43.496405287908644, -42.7815792569904
/rds/general/user/dtj20/home/signals/NUANCE_SIGNALS/all/D1_1580-141083-0013.wav, -38.73128779251984, -40.59736341148479, -44.214892713764904, -43.73889827515528, -39.637821523631864, -36.82994946864406, -35.74039595426126
/rds/general/user/dtj20/home/signals/NUANCE_SIGNALS/all/D2_3570-5694-0014.wav, -42.86011745475903, -45.60352782554727, -49.63999837405498, -48.65672946093412, -44.173140544205694, -42.01306553445779, -40.66784197948404
/rds/general/user/dtj20/home/signals/NUANCE_SIGNALS/all/P1_237-126133-0007.wav, -41.68256532351898, -44.04013893690623, -48.92057344267934, -48.36110570493926, -44.28048274751471, -42.03227374115178, -41.51352445392463
/rds/general/user/dtj20/home/signals/NUANCE_SIGNALS/all/D2_1580-141083-0014.wav, -39.96218233200701, -41.06690745340289, -44.48647102859995, -44.77587789373832, -41.61316901144253, -40.12773190457543, -39.03696818460265
/rds/general/user/dtj20/home/signals/NUANCE_SIGNALS/all/P1_1089-134686-0022.wav, -40.408805869901705, -42.76218626781859, -47.56079183696294, -47.311552134513704, -42.6174256003166, -39.223117640650656, -37.587742727900775
/rds/general/user/dtj20/home/signals/NUANCE_SIGNALS/all/D2_1320-122612-0012.wav, -43.704837810675166, -46.156318293839355, -50.270792836574074, -49.42432077756201, -45.71436486310966, -43.150122060389144, -41.81364288854525
/rds/general/user/dtj20/home/signals/NUANCE_SIGNALS/all/P2_1995-1826-0000.wav, -41.85219894944347, -44.893008002325054, -50.20745845032408, -49.68280387408519, -45.08752490663548, -41.93469863509588, -40.08146177419838
/rds/general/user/dtj20/home/signals/NUANCE_SIGNALS/all/D1_1089-134686-0016.wav, -46.833572140509155, -48.82214723972883, -52.249107293545535, -50.83455134306308, -47.49378545996485, -45.17128921784031, -44.285077437360854
/rds/general/user/dtj20/home/signals/NUANCE_SIGNALS/all/P1_1320-122612-0013.wav, -42.33004479069794, -45.072189104815195, -48.72844163497932, -47.15491081024305, -44.330402248649214, -41.738122885096935, -40.12145093832043
/rds/general/user/dtj20/home/signals/NUANCE_SIGNALS/all/P2_1089-134686-0016.wav, -45.053309360384766, -46.75232296538074, -50.83939312426723, -50.039874656223155, -46.69103874343815, -44.61098711229845, -43.83478749334181
/rds/general/user/dtj20/home/signals/NUANCE_SIGNALS/all/P1_1580-141083-0013.wav, -39.11413416370155, -41.30201231663751, -44.683325203017176, -45.19894913969027, -42.69311652448663, -40.46655849565299, -39.84757189315613
/rds/general/user/dtj20/home/signals/NUANCE_SIGNALS/all/P1_1284-1180-0017.wav, -40.768163335389936, -43.48958122120558, -48.20764852949692, -46.476477106828966, -41.7245916477746, -39.15274064126034, -38.43258603036882
/rds/general/user/dtj20/home/signals/NUANCE_SIGNALS/all/P2_1580-141083-0013.wav, -32.22492423971568, -33.958270440515534, -38.32213802258011, -36.997918736627675, -32.26818701441619, -29.75133714102945, -29.479886361699972
/rds/general/user/dtj20/home/signals/NUANCE_SIGNALS/all/P2_121-121726-0003.wav, -31.679274374412625, -33.920270847847846, -35.66653291760055, -35.304830388222214, -33.944348426935235, -32.29605434006083, -32.61915499128027
/rds/general/user/dtj20/home/signals/NUANCE_SIGNALS/all/P1_2300-131720-0013.wav, -39.87916290321771, -42.182911483667944, -46.57492916701888, -45.2870248927151, -41.40817451000234, -38.83234389142394, -37.95843569103831
/rds/general/user/dtj20/home/signals/NUANCE_SIGNALS/all/D1_237-126133-0001.wav, -46.14744721442505, -47.92626705565624, -50.68345755969916, -49.35688598983265, -46.086794888471985, -43.93209586899456, -43.088501620969176
/rds/general/user/dtj20/home/signals/NUANCE_SIGNALS/all/P1_1580-141083-0014.wav, -36.24814862808821, -38.722074382776086, -42.76828328488577, -42.457590963160605, -38.825440348783786, -36.0344698348753, -34.76559701529711
/rds/general/user/dtj20/home/signals/NUANCE_SIGNALS/all/D2_1580-141083-0004.wav, -43.82183222703734, -45.643882268809975, -49.730169105316634, -49.455855502757345, -46.370817182428254, -44.45380124431422, -43.32805591189185
/rds/general/user/dtj20/home/signals/NUANCE_SIGNALS/all/P1_1284-1180-0011.wav, -35.70923051815578, -38.51719766228021, -43.74720961220091, -43.34142807992032, -38.6806155948216, -35.777109003958444, -34.47198477306004
/rds/general/user/dtj20/home/signals/NUANCE_SIGNALS/all/P2_237-126133-0001.wav, -40.726232355971625, -42.93001643999532, -47.194799305325645, -46.54477660357674, -42.99080499176987, -41.09258976370853, -40.799441462604634
/rds/general/user/dtj20/home/signals/NUANCE_SIGNALS/all/D2_121-121726-0009.wav, -42.556686536564676, -43.898627793824474, -47.18333158279114, -46.57817649239679, -43.586923391843925, -42.26909413164024, -41.419648651312784
/rds/general/user/dtj20/home/signals/NUANCE_SIGNALS/all/D1_121-121726-0003.wav, -42.312531773495806, -44.158855194014095, -47.188925068199474, -46.13452601699614, -42.883182861885444, -40.57441330847398, -39.6394170060355
/rds/general/user/dtj20/home/signals/NUANCE_SIGNALS/all/P1_1995-1826-0021.wav, -43.33272516470381, -46.033049938305226, -49.88888708322474, -49.64170926477435, -46.050083679004395, -43.105845047627405, -41.537385507806135
/rds/general/user/dtj20/home/signals/NUANCE_SIGNALS/all/P1_237-126133-0000.wav, -42.0172173001222, -44.26281954308187, -48.556198734832364, -46.54869548548794, -41.93880203170068, -39.47017678551834, -38.971696767176326
/rds/general/user/dtj20/home/signals/NUANCE_SIGNALS/all/D2_2300-131720-0014.wav, -40.18688200464059, -43.5099973201317, -48.28651176882267, -46.39921195424904, -43.430939696858815, -40.95961346998544, -39.01070578011418
/rds/general/user/dtj20/home/signals/NUANCE_SIGNALS/all/D1_1580-141083-0008.wav, -43.94957815665815, -46.23296780607485, -49.32749517102828, -48.379322691554464, -45.25273165397423, -42.64908726981112, -41.768199064797855
/rds/general/user/dtj20/home/signals/NUANCE_SIGNALS/all/P1_2300-131720-0016.wav, -39.94672372123056, -42.22811477328563, -46.788858474596026, -45.593128181646456, -41.663106006347235, -39.409042211526256, -38.368722385882336
/rds/general/user/dtj20/home/signals/NUANCE_SIGNALS/all/P1_121-121726-0009.wav, -40.65064987191423, -42.51548705789573, -46.620004891990874, -45.51593095940248, -41.944916485775785, -40.251469997215494, -40.14939722313553
/rds/general/user/dtj20/home/signals/NUANCE_SIGNALS/all/D2_121-121726-0000.wav, -42.65744394572084, -44.70102994576975, -48.827698266040514, -47.495637081879885, -43.754493630765616, -41.942351005598766, -41.59627251508663
/rds/general/user/dtj20/home/signals/NUANCE_SIGNALS/all/P1_1089-134686-0000.wav, -40.165534155297564, -43.17226175858991, -46.74809531124677, -42.14004709148667, -36.53494838171855, -34.090996579951856, -34.690289908166235
/rds/general/user/dtj20/home/signals/NUANCE_SIGNALS/all/P1_3570-5694-0012.wav, -38.10355668452067, -40.57101862160063, -45.722344785492346, -44.72948188335035, -39.87905127920585, -37.2918120232974, -36.61100861326817
/rds/general/user/dtj20/home/signals/NUANCE_SIGNALS/all/D1_1995-1826-0017.wav, -41.59282957394048, -43.87324981903532, -48.37333452079096, -46.99842572108574, -43.5443341430753, -41.01987493530187, -39.608775480729385
/rds/general/user/dtj20/home/signals/NUANCE_SIGNALS/all/D1_2300-131720-0005.wav, -39.07781965777932, -41.74563398355868, -46.16971150761388, -45.05546833804557, -40.79208171185183, -37.71351588000342, -35.99042884048312
/rds/general/user/dtj20/home/signals/NUANCE_SIGNALS/all/P2_121-121726-0000.wav, -38.278914410871835, -40.160466861042266, -44.62892632766529, -44.44675740060223, -40.56965126399811, -38.35931937045388, -37.45893974068309
/rds/general/user/dtj20/home/signals/NUANCE_SIGNALS/all/D1_1284-1180-0011.wav, -36.049533150736515, -38.835388229059646, -43.96659633201349, -42.930173622652, -38.021682135022715, -34.88742316433273, -33.43071563332381
/rds/general/user/dtj20/home/signals/NUANCE_SIGNALS/all/D1_1320-122612-0012.wav, -43.657342849755885, -45.79144594375385, -49.28833589614955, -48.737655046578325, -45.385781776112246, -42.68544143922903, -41.34305102224761
/rds/general/user/dtj20/home/signals/NUANCE_SIGNALS/all/P1_121-121726-0003.wav, -37.811271082334315, -39.958746018303316, -44.20381188346691, -42.91260246030969, -39.60485189696947, -37.37530121193827, -36.153427115392155
/rds/general/user/dtj20/home/signals/NUANCE_SIGNALS/all/D2_3570-5694-0004.wav, -43.76657674874692, -46.301236457805295, -50.32728608917445, -48.80539092829928, -45.01254281037615, -43.16831186278249, -42.547130286255694
/rds/general/user/dtj20/home/signals/NUANCE_SIGNALS/all/D2_1320-122612-0009.wav, -40.36066531302473, -43.05809566171364, -47.637446720273296, -46.49940022938843, -42.22026523732179, -39.77140567293547, -38.48195085166957
/rds/general/user/dtj20/home/signals/NUANCE_SIGNALS/all/D2_121-121726-0007.wav, -43.19205698062122, -44.751013191400375, -48.4536021494425, -47.21972622735624, -43.7790673277899, -42.44056704334242, -42.4555985577441
/rds/general/user/dtj20/home/signals/NUANCE_SIGNALS/all/D1_3570-5694-0004.wav, -27.502180918647824, -30.96925703180056, -37.033061965553216, -37.014306778050376, -32.05544767002018, -29.15521847871004, -27.94249712742659
/rds/general/user/dtj20/home/signals/NUANCE_SIGNALS/all/D2_1284-1180-0001.wav, -41.704258422473856, -44.37829691030758, -49.37786220726176, -48.25178177406545, -43.79273879767797, -40.894142374244055, -39.35461525015849
/rds/general/user/dtj20/home/signals/NUANCE_SIGNALS/all/D1_237-126133-0006.wav, -44.31585262351543, -46.2623460411585, -49.67078904589877, -48.28670560563508, -44.66932645907251, -42.551046276457555, -41.78271091261722
/rds/general/user/dtj20/home/signals/NUANCE_SIGNALS/all/D2_237-126133-0007.wav, -42.4400508402163, -44.7350476788004, -49.29134515485106, -48.77588074974212, -45.36644053268866, -43.69707082479172, -43.112440235293185
/rds/general/user/dtj20/home/signals/NUANCE_SIGNALS/all/P1_3570-5694-0011.wav, -37.63797182538559, -40.68782241513134, -46.245432073809354, -45.71972184681808, -40.79202388434826, -37.52077390658507, -35.69358970425559
/rds/general/user/dtj20/home/signals/NUANCE_SIGNALS/all/P2_1320-122612-0012.wav, -40.53161932900959, -42.84563291533816, -46.15815206995219, -45.14999585884322, -42.876178118907795, -40.63290337846041, -39.4546014275557
/rds/general/user/dtj20/home/signals/NUANCE_SIGNALS/all/P2_3570-5694-0005.wav, -40.37790463527643, -43.143742779348216, -48.259750752215496, -47.73182533281808, -43.32629090580429, -40.35109087493758, -38.562314105938654
/rds/general/user/dtj20/home/signals/NUANCE_SIGNALS/all/D2_1320-122612-0013.wav, -43.53680437252315, -45.92830726411286, -49.020216707872905, -49.44622442389744, -46.358828274527596, -43.647372446953874, -42.23850143285113
/rds/general/user/dtj20/home/signals/NUANCE_SIGNALS/all/P2_3575-170457-0008.wav, -39.678421725042035, -41.69966623797212, -46.40600804487032, -45.318980238516026, -40.762091869541884, -37.878989397350146, -36.51951320132736
/rds/general/user/dtj20/home/signals/NUANCE_SIGNALS/all/D2_3570-5694-0012.wav, -41.790411870288864, -43.70966771642898, -48.57772597598795, -47.591059855266884, -42.894929089183485, -40.284225097623604, -39.10414314832867
/rds/general/user/dtj20/home/signals/NUANCE_SIGNALS/all/P2_2300-131720-0014.wav, -40.11543714479404, -42.418932607339116, -46.09292535498592, -44.94104513634608, -42.4233491903843, -40.18055217673976, -38.91904536799207
/rds/general/user/dtj20/home/signals/NUANCE_SIGNALS/all/P2_121-121726-0009.wav, -40.26041498043308, -42.01999439583232, -45.689315432569046, -45.33306672551801, -42.52126512015141, -40.64294527217976, -40.374271097878506
/rds/general/user/dtj20/home/signals/NUANCE_SIGNALS/all/P2_3570-5694-0004.wav, -32.68802989846621, -33.48673590636981, -37.55721783996478, -37.16677331365663, -34.07458626344968, -34.05729048419587, -36.12154172903888
/rds/general/user/dtj20/home/signals/NUANCE_SIGNALS/all/D1_1089-134686-0004.wav, -40.82151801833887, -43.53809099911427, -47.457507166111704, -46.17462207709241, -41.342773845860705, -39.31623010991892, -38.07612944671247
/rds/general/user/dtj20/home/signals/NUANCE_SIGNALS/all/D1_3575-170457-0001.wav, -42.172074433780935, -44.43571841028991, -47.61290705385956, -45.82651333369317, -42.14400652905922, -39.693619270717406, -38.893558831712035
/rds/general/user/dtj20/home/signals/NUANCE_SIGNALS/all/P2_1284-1180-0011.wav, -34.77214931142467, -37.22093834623004, -41.82009175145779, -41.660781947758835, -37.30259754293109, -34.59109469747613, -33.16383583127584
/rds/general/user/dtj20/home/signals/NUANCE_SIGNALS/all/P1_1320-122612-0001.wav, -29.471766278254293, -27.180339960506657, -31.257162140001462, -27.411017238219163, -26.949366872462754, -33.779957080286536, -30.760765542988725
/rds/general/user/dtj20/home/signals/NUANCE_SIGNALS/all/D1_237-126133-0000.wav, -45.81481989225972, -46.90572992227237, -49.368860890328506, -48.44022303844186, -45.80927890596116, -43.60825282597802, -42.90050581118159
/rds/general/user/dtj20/home/signals/NUANCE_SIGNALS/all/P2_3570-5694-0011.wav, -40.99919663962686, -43.97841909000935, -48.44278011447291, -48.046988941687204, -43.973857880735174, -40.740837466380924, -39.274925273895256
/rds/general/user/dtj20/home/signals/NUANCE_SIGNALS/all/P2_1284-1180-0003.wav, -36.97474008063038, -39.54645586391857, -44.8219955824484, -44.38440761790858, -39.921680104688065, -37.40874531204123, -36.502516096224284
/rds/general/user/dtj20/home/signals/NUANCE_SIGNALS/all/P1_1284-1180-0001.wav, -39.11611364082205, -41.92122053957516, -47.22432987831152, -45.66683650213312, -41.50283304018391, -39.09014891766377, -37.20236461053864
/rds/general/user/dtj20/home/signals/NUANCE_SIGNALS/all/D2_1284-1180-0014.wav, -42.88602184176642, -45.629221468736034, -50.56465503078208, -49.58221185559991, -45.02697347084982, -42.09136924116102, -40.4857404433406
/rds/general/user/dtj20/home/signals/NUANCE_SIGNALS/all/D2_1995-1826-0017.wav, -39.202979655722345, -42.48128156202207, -47.82954563944494, -47.1705792771384, -42.6328833332288, -39.45502531204306, -37.51122574956086
/rds/general/user/dtj20/home/signals/NUANCE_SIGNALS/all/D1_121-121726-0009.wav, -42.92772389462379, -44.872298667897596, -48.200215418555516, -46.74962130241429, -43.23164154214244, -40.993615761207906, -40.35727902024777
/rds/general/user/dtj20/home/signals/NUANCE_SIGNALS/all/D2_2300-131720-0013.wav, -39.24297611372574, -42.41280880407527, -46.516792335859535, -44.5725314152716, -41.40219285839821, -39.546249575012666, -38.006652270452186
/rds/general/user/dtj20/home/signals/NUANCE_SIGNALS/all/P2_1089-134686-0008.wav, -39.52774486126516, -42.24568192203612, -46.73908647376031, -45.75120203476147, -43.03817344020996, -41.04932562784039, -40.49858062692092
/rds/general/user/dtj20/home/signals/NUANCE_SIGNALS/all/D2_1089-134686-0004.wav, -41.58706025287312, -43.9578786997436, -48.50999097062371, -47.654889850883265, -43.29980334948095, -40.56251889356788, -39.13659446620351
/rds/general/user/dtj20/home/signals/NUANCE_SIGNALS/all/P2_237-126133-0007.wav, -39.70602610898978, -41.76102128753223, -46.18188909340077, -45.176999561854586, -41.1116733782175, -39.03880929642939, -38.5997510961427
/rds/general/user/dtj20/home/signals/NUANCE_SIGNALS/all/P2_1320-122612-0016.wav, -41.003352357018635, -42.71978101294256, -45.85799662970643, -46.60939558229433, -43.43147614397925, -41.87573334233416, -40.35577506241612
/rds/general/user/dtj20/home/signals/NUANCE_SIGNALS/all/D2_2300-131720-0005.wav, -32.100531275673305, -35.41292418646402, -41.33567133397356, -40.59951270683956, -35.31260050482598, -31.858655929169537, -29.831331560370117
/rds/general/user/dtj20/home/signals/NUANCE_SIGNALS/all/P2_3575-170457-0020.wav, -37.22169316586841, -39.3222071140099, -44.16780478861877, -43.33085039261138, -38.7841850475807, -36.33525332930076, -35.65422923747454
/rds/general/user/dtj20/home/signals/NUANCE_SIGNALS/all/D2_2300-131720-0016.wav, -39.024664745502136, -41.85696208752276, -47.955975240257516, -46.63152697382856, -42.82559581702391, -39.758932766686904, -38.97326805628985
/rds/general/user/dtj20/home/signals/NUANCE_SIGNALS/all/D2_1995-1826-0009.wav, -44.467882475799236, -47.203152500773406, -51.638726901919334, -51.030568740559104, -47.203024223845404, -44.548247252439026, -42.963235223432356
/rds/general/user/dtj20/home/signals/NUANCE_SIGNALS/all/D2_3570-5694-0005.wav, -45.4714123346606, -48.073660387858325, -52.3380065054448, -51.118543705636355, -47.550696707412214, -45.26661586243554, -43.867303361481056
/rds/general/user/dtj20/home/signals/NUANCE_SIGNALS/all/P2_1284-1180-0014.wav, -40.42774040630259, -43.03521744757529, -47.934153164864725, -47.11312028002072, -42.54356094684087, -39.44133680595634, -37.87071860071262
/rds/general/user/dtj20/home/signals/NUANCE_SIGNALS/all/D2_1284-1180-0003.wav, -38.02847244762053, -40.7424383952965, -46.03817429380625, -44.92057828227221, -39.989962413827314, -36.874268591670614, -35.350699346900264
/rds/general/user/dtj20/home/signals/NUANCE_SIGNALS/all/D1_1284-1180-0014.wav, -41.62911863139066, -44.322195018279224, -49.176475990321684, -48.15407111718813, -43.82824021920541, -40.86405934388015, -39.380444136992345
/rds/general/user/dtj20/home/signals/NUANCE_SIGNALS/all/P1_1284-1180-0003.wav, -33.65905894149031, -36.21141365635759, -41.77380020843238, -41.58579473355413, -37.24205905996367, -35.19161006115012, -35.093337636924204
/rds/general/user/dtj20/home/signals/NUANCE_SIGNALS/all/P1_237-126133-0008.wav, -46.44280218747956, -48.8036674305834, -53.4195098051827, -52.86284104255854, -48.92721188295262, -46.360902092689585, -45.277512043238
/rds/general/user/dtj20/home/signals/NUANCE_SIGNALS/all/D2_3575-170457-0008.wav, -44.1819826928408, -46.543034548407825, -50.770475477527405, -49.821355545507984, -45.85634784270368, -43.37943352652619, -42.14006056508246
/rds/general/user/dtj20/home/signals/NUANCE_SIGNALS/all/D2_3575-170457-0013.wav, -41.44050801579855, -44.187601371426695, -48.456821954009406, -47.86300107103261, -43.91273630297549, -41.6210587945216, -40.76186345681365
/rds/general/user/dtj20/home/signals/NUANCE_SIGNALS/all/P1_1089-134686-0004.wav, -37.91716913798798, -40.64701894572042, -45.6707225521066, -44.02801221704146, -38.999019043695725, -36.328955986249454, -35.60926498577135
/rds/general/user/dtj20/home/signals/NUANCE_SIGNALS/all/P2_1089-134686-0000.wav, -40.6165034760425, -42.259657305760214, -46.709460608895114, -46.145608733838614, -42.22146599843054, -40.17873587865068, -39.48132277719885
/rds/general/user/dtj20/home/signals/NUANCE_SIGNALS/all/P1_1580-141083-0008.wav, -41.02878835169466, -43.45424972807375, -46.606613891810696, -43.62553728949251, -41.38477742684036, -39.94505213910375, -39.134730763691394
/rds/general/user/dtj20/home/signals/NUANCE_SIGNALS/all/P2_121-121726-0007.wav, -40.5824570459538, -41.476735078469666, -45.28237188102324, -45.33359367861774, -42.42600160833323, -41.0459490657982, -40.58523439108704
/rds/general/user/dtj20/home/signals/NUANCE_SIGNALS/all/D1_2300-131720-0014.wav, -44.22768690913742, -46.4260691546993, -50.08555324011928, -48.95063577207705, -44.950335154426035, -42.47383420978451, -41.55619901876554
/rds/general/user/dtj20/home/signals/NUANCE_SIGNALS/all/D2_1089-134686-0008.wav, -43.84065042111522, -46.66139021944484, -51.59915586140266, -51.023227407685326, -47.16917547342514, -44.56256304977943, -43.03988547944896
/rds/general/user/dtj20/home/signals/NUANCE_SIGNALS/all/D1_2300-131720-0013.wav, -42.072048094289315, -44.363202157027374, -48.15814911616252, -47.07613079531601, -43.14741553109293, -40.58547505080047, -39.55806403255875
/rds/general/user/dtj20/home/signals/NUANCE_SIGNALS/all/D1_3575-170457-0013.wav, -42.52486056437909, -44.79616117555963, -49.074208892239184, -48.1003457375803, -44.06397604914844, -41.44224989548454, -40.39843580033111
/rds/general/user/dtj20/home/signals/NUANCE_SIGNALS/all/D2_1995-1826-0021.wav, -43.31877517389082, -46.12198548931502, -50.996040348044964, -50.157669494691845, -46.11318798710957, -43.175519681174066, -41.41839735202687
/rds/general/user/dtj20/home/signals/NUANCE_SIGNALS/all/D2_237-126133-0000.wav, -45.23156292392106, -47.027393461861145, -50.92243498750024, -49.92824216713706, -46.42098169897683, -44.73890443333619, -44.21000664292124
/rds/general/user/dtj20/home/signals/NUANCE_SIGNALS/all/D2_3575-170457-0000.wav, -38.918570580042775, -41.496495655260134, -46.22058855229245, -44.79223896863279, -40.279795096565294, -38.028669688235006, -37.41681098112311
/rds/general/user/dtj20/home/signals/NUANCE_SIGNALS/all/D1_3570-5694-0014.wav, -42.031558049151194, -44.604212590137124, -49.14895739369311, -48.011665454404735, -43.73451438812155, -40.96521093391611, -39.670547079439054
/rds/general/user/dtj20/home/signals/NUANCE_SIGNALS/all/D2_121-121726-0003.wav, -39.0709811384777, -41.09804703219139, -43.59566319945476, -43.83742691770397, -39.47840749372133, -38.6531757882689, -38.86513855978564
/rds/general/user/dtj20/home/signals/NUANCE_SIGNALS/all/D1_121-121726-0004.wav, -41.377316796799505, -43.91157076877795, -48.53068823146748, -46.66494602863619, -43.08526494226973, -40.90315121510582, -39.951166448398745
/rds/general/user/dtj20/home/signals/NUANCE_SIGNALS/all/D1_1995-1826-0021.wav, -44.79405806136603, -47.28589722898442, -51.56326403818399, -50.55939393529458, -46.76658897490435, -44.00826151413015, -42.391422643716666
/rds/general/user/dtj20/home/signals/NUANCE_SIGNALS/all/P1_3570-5694-0005.wav, -45.46805605575788, -47.625396069950305, -51.67132827531803, -51.11142537085057, -47.58293553210481, -44.9199449585787, -43.42926311421241
/rds/general/user/dtj20/home/signals/NUANCE_SIGNALS/all/D2_1284-1180-0017.wav, -43.295188718589294, -45.674589854958626, -50.41588682596006, -49.417439204663125, -45.430006950017024, -42.84320729136528, -41.30750798649656
/rds/general/user/dtj20/home/signals/NUANCE_SIGNALS/all/D1_1320-122612-0001.wav, -39.99362131302835, -42.485062741603386, -46.17778333311587, -44.79563801835917, -42.12015937331618, -39.144382396550284, -37.96034623157121
/rds/general/user/dtj20/home/signals/NUANCE_SIGNALS/all/P1_121-121726-0000.wav, -40.36421704512038, -42.674818789553264, -47.204175815592535, -46.66619784378398, -42.65426939876193, -39.955100561877714, -38.734834344169315
/rds/general/user/dtj20/home/signals/NUANCE_SIGNALS/all/D1_121-121726-0007.wav, -34.84212964905072, -37.51533427693244, -42.49137654734823, -41.45719625572397, -36.81665220541309, -34.00588537018055, -32.74480478705115
/rds/general/user/dtj20/home/signals/NUANCE_SIGNALS/all/P2_1089-134686-0022.wav, -38.221715115914996, -39.10016059652322, -43.048657757519265, -41.79332184866883, -37.95838310376983, -36.9479851255378, -38.146295840803056
/rds/general/user/dtj20/home/signals/NUANCE_SIGNALS/all/D1_1089-134686-0008.wav, -44.398730775047255, -46.343707366631044, -50.36342040294553, -48.954399168772824, -44.602846751345155, -41.580632376276924, -40.19702746328706
/rds/general/user/dtj20/home/signals/NUANCE_SIGNALS/all/D1_1089-134686-0022.wav, -42.83450377957743, -45.260835759649154, -49.75412310157743, -48.7378409686485, -44.66701269333179, -42.00871979046286, -40.79922674273544
/rds/general/user/dtj20/home/signals/NUANCE_SIGNALS/all/D1_1320-122612-0016.wav, -44.88302985642247, -47.13480099828715, -50.36853567781478, -48.41413514235634, -44.611558227158966, -41.99336359932936, -40.86424878230339
/rds/general/user/dtj20/home/signals/NUANCE_SIGNALS/all/P2_3575-170457-0000.wav, -36.82025780891715, -38.12794426303758, -42.54959142056866, -42.0528635489189, -38.32483398781359, -36.678946239684244, -36.18460512166323
