/rds/general/user/dtj20/home/signals/NUANCE_SIGNALS/all/D1_1320-122612-0009.wav, -34.65450145963618, -36.35537223776974, -41.65122383153683, -39.14604319757791, -36.88585756713546, -34.60151987118404, -33.84118245720563
/rds/general/user/dtj20/home/signals/NUANCE_SIGNALS/all/P1_3575-170457-0001.wav, -39.361258914736794, -41.19402159145498, -43.47095817329751, -44.32355246771128, -41.26467669030781, -38.74359740010966, -37.91192692819655
/rds/general/user/dtj20/home/signals/NUANCE_SIGNALS/all/D2_1995-1826-0015.wav, -41.60497289759885, -44.301590168726136, -48.09663185140411, -45.30386754110805, -42.922526940918324, -41.11729941439529, -40.62934124770817
/rds/general/user/dtj20/home/signals/NUANCE_SIGNALS/all/P2_2300-131720-0008.wav, -39.21943477532308, -41.41257958500786, -45.14374953896889, -44.56310216736164, -41.3411859752198, -39.004866996284115, -37.631875491935396
/rds/general/user/dtj20/home/signals/NUANCE_SIGNALS/all/P2_1284-1180-0001.wav, -23.998331638237556, -27.42006476742764, -33.70728656993727, -33.088554409938986, -27.684535080327617, -24.034025740579267, -21.884394870701882
/rds/general/user/dtj20/home/signals/NUANCE_SIGNALS/all/P1_3570-5694-0014.wav, -41.01509034765657, -43.74444444353394, -48.15338305668412, -46.96084128323051, -43.15072054240198, -40.430457926581944, -39.22195553366046
/rds/general/user/dtj20/home/signals/NUANCE_SIGNALS/all/D1_1284-1180-0001.wav, -41.634801454172184, -43.70732522911439, -47.73804864851488, -47.015024019630985, -43.029034290742736, -40.35255616867889, -39.13575163624798
/rds/general/user/dtj20/home/signals/NUANCE_SIGNALS/all/P1_121-121726-0004.wav, -42.08397147755889, -43.647480684538294, -47.204858499142986, -46.40508857905911, -43.78446015873885, -41.75670721682614, -40.32488589140517
/rds/general/user/dtj20/home/signals/NUANCE_SIGNALS/all/P1_1320-122612-0016.wav, -41.4039267287566, -43.66277488627424, -46.98093608406847, -46.47356540861516, -43.1056069126806, -40.60986243565823, -39.76636176791084
/rds/general/user/dtj20/home/signals/NUANCE_SIGNALS/all/D1_3575-170457-0000.wav, -25.2275630559338, -28.42318708518117, -34.48449963125961, -34.42095721375022, -30.152390576065162, -27.80277217401914, -27.02542057015055
/rds/general/user/dtj20/home/signals/NUANCE_SIGNALS/all/D2_1089-134686-0016.wav, -46.45203430480302, -48.405089779474196, -52.19798808919773, -51.32001930056668, -48.12167648078774, -46.20500766103929, -45.42251554519432
/rds/general/user/dtj20/home/signals/NUANCE_SIGNALS/all/D1_121-121726-0000.wav, -39.85275015409823, -42.57745448008211, -47.05347422020878, -45.737060589196716, -41.41730882781184, -38.77669977998813, -37.79120525878672
/rds/general/user/dtj20/home/signals/NUANCE_SIGNALS/all/D2_1580-141083-0000.wav, -45.23660254018062, -46.953475138772525, -50.23516966338705, -49.3667982978232, -46.486567377204565, -45.16484105760102, -44.881611324322634
/rds/general/user/dtj20/home/signals/NUANCE_SIGNALS/all/P1_1580-141083-0004.wav, -42.18894615922045, -43.89658559278701, -47.92902701749895, -47.43840843682858, -43.558269136595655, -41.22165777686304, -40.820144101660844
/rds/general/user/dtj20/home/signals/NUANCE_SIGNALS/all/D1_1580-141083-0004.wav, -45.841276147472996, -46.977242397133324, -49.29174338145494, -48.51607686345558, -46.2730198943213, -44.313884130099495, -42.99524251921453
/rds/general/user/dtj20/home/signals/NUANCE_SIGNALS/all/D2_1284-1180-0011.wav, -36.171804687959536, -38.38320526393258, -41.85617968415567, -41.389662509147016, -37.87841684427648, -35.49895187239968, -34.21445353461189
/rds/general/user/dtj20/home/signals/NUANCE_SIGNALS/all/P2_1580-141083-0014.wav, -29.263520391308763, -31.111088433438837, -36.05521288346324, -35.93588606703687, -32.0364126646757, -30.720245987608898, -31.781381558316394
/rds/general/user/dtj20/home/signals/NUANCE_SIGNALS/all/P2_1320-122612-0013.wav, -40.955891440617165, -43.18647475032826, -46.884342757192755, -46.15082647445571, -43.19970646154454, -40.81434521368881, -39.217015900899895
/rds/general/user/dtj20/home/signals/NUANCE_SIGNALS/all/D2_1089-134686-0000.wav, -45.06310769757438, -45.457232437094994, -51.38791265319889, -45.87361838157899, -45.804811823937456, -44.77747112000321, -42.46794237662486
/rds/general/user/dtj20/home/signals/NUANCE_SIGNALS/all/P2_1320-122612-0009.wav, -37.330199421262535, -39.67635068651613, -43.78427756883131, -43.336674255855556, -39.77811597706812, -37.16907886373264, -35.750765815706245
/rds/general/user/dtj20/home/signals/NUANCE_SIGNALS/all/D1_3570-5694-0012.wav, -39.61544449847709, -42.277304880256104, -46.42136123287, -45.50850658223298, -41.752527769368434, -38.94230005075889, -37.64059267615022
/rds/general/user/dtj20/home/signals/NUANCE_SIGNALS/all/P1_1995-1826-0017.wav, -42.17864574322506, -44.559118644531196, -49.03470975070334, -48.09837492583074, -44.86153984718014, -42.0049515165087, -40.34771135739166
/rds/general/user/dtj20/home/signals/NUANCE_SIGNALS/all/D1_1995-1826-0015.wav, -41.03795421205704, -43.500549649935074, -47.32243159844582, -46.06278647447173, -42.655051952661736, -39.83247333006197, -38.486693582536624
/rds/general/user/dtj20/home/signals/NUANCE_SIGNALS/all/D1_1995-1826-0009.wav, -44.399381503807135, -46.22347384416395, -46.48746946978381, -46.6791494575301, -45.27542785424317, -43.18758350794244, -42.777635405156175
/rds/general/user/dtj20/home/signals/NUANCE_SIGNALS/all/P2_1580-141083-0008.wav, -41.561183774270376, -43.06470890815348, -46.298998024351754, -45.71991533475649, -42.803414161743454, -41.26712604286056, -40.90878886180366
/rds/general/user/dtj20/home/signals/NUANCE_SIGNALS/all/D2_3575-170457-0020.wav, -38.2728690996128, -40.24815944001796, -43.80023856036024, -43.250094589752905, -40.885564882432504, -38.81736166281054, -37.42820668745333
/rds/general/user/dtj20/home/signals/NUANCE_SIGNALS/all/D2_2300-131720-0008.wav, -42.53806581014956, -44.70727556641017, -47.6902544592014, -46.52433117591641, -44.01853595831999, -41.756581567838005, -41.09070751134255
/rds/general/user/dtj20/home/signals/NUANCE_SIGNALS/all/P2_1995-1826-0015.wav, -39.874068688385606, -42.00863012228026, -46.44616106997711, -46.16915963937554, -42.85142435643165, -40.64881121194428, -39.52178345382557
/rds/general/user/dtj20/home/signals/NUANCE_SIGNALS/all/P1_1995-1826-0015.wav, -39.71206597354517, -42.133538892038985, -47.32903859367572, -46.214082367883336, -42.484038994794105, -39.57862617750906, -37.71910568913417
/rds/general/user/dtj20/home/signals/NUANCE_SIGNALS/all/P1_3575-170457-0000.wav, -39.083571460973296, -41.635713418497005, -45.880156553898416, -44.69596557027758, -40.4628844867723, -38.14545869068925, -37.31339996730364
/rds/general/user/dtj20/home/signals/NUANCE_SIGNALS/all/P2_3570-5694-0014.wav, -36.06954817136818, -38.41808643868457, -44.67904018348095, -43.68968299281798, -39.70853218395479, -36.10878479506101, -37.13534985280968
/rds/general/user/dtj20/home/signals/NUANCE_SIGNALS/all/P2_1089-134686-0004.wav, -36.99268864694383, -38.36462494164844, -42.507865563569894, -41.86061892508451, -38.70506186729336, -37.14551846344659, -36.803152931767926
/rds/general/user/dtj20/home/signals/NUANCE_SIGNALS/all/D1_237-126133-0007.wav, -43.8156055040481, -45.5263493105203, -48.543890934298815, -46.48946404147097, -43.046018424164025, -40.44707099960487, -39.08683259857079
/rds/general/user/dtj20/home/signals/NUANCE_SIGNALS/all/D1_1089-134686-0000.wav, -43.179632979043845, -45.261099396880695, -48.98456903677722, -47.87459060340257, -44.53802928205963, -42.03551360360027, -40.70186337093151
/rds/general/user/dtj20/home/signals/NUANCE_SIGNALS/all/P1_1995-1826-0000.wav, -42.69490845580418, -45.41046948509102, -49.5102383894488, -48.98912389960231, -45.266322837679766, -42.33216603080007, -40.60458172670991
/rds/general/user/dtj20/home/signals/NUANCE_SIGNALS/all/P1_1089-134686-0016.wav, -44.69788851262646, -46.389442802417165, -49.268777217884804, -49.60591602329746, -46.63057132239872, -43.74871717568402, -42.77693235587321
/rds/general/user/dtj20/home/signals/NUANCE_SIGNALS/all/P2_3575-170457-0013.wav, -39.02793356769483, -41.134358862927286, -45.48936927762368, -44.66760064698124, -40.633127692666385, -38.07085686046707, -36.80937426960299
/rds/general/user/dtj20/home/signals/NUANCE_SIGNALS/all/P1_3575-170457-0008.wav, -43.53047402416779, -45.85822801785006, -49.28875603102358, -48.513483165686644, -44.9500968945652, -42.304547465894714, -41.6145807734722
/rds/general/user/dtj20/home/signals/NUANCE_SIGNALS/all/D1_1320-122612-0013.wav, -45.58320717865631, -47.33675281949577, -49.73013168206098, -48.6149708000093, -45.976662175385684, -43.849631078881416, -43.1442591101179
/rds/general/user/dtj20/home/signals/NUANCE_SIGNALS/all/P2_1995-1826-0021.wav, -41.33000189103143, -43.89898686508235, -47.66314362245864, -46.71359265272383, -43.61840917170716, -40.81385925937073, -39.173795976719894
/rds/general/user/dtj20/home/signals/NUANCE_SIGNALS/all/P2_237-126133-0008.wav, -35.25754531641608, -37.74490691808272, -42.93647156819179, -42.26005906403724, -37.22789318980302, -34.27355289872737, -33.010681405708304
/rds/general/user/dtj20/home/signals/NUANCE_SIGNALS/all/D2_1995-1826-0000.wav, -41.665126096537165, -42.12105710062338, -44.83173658741225, -44.42923737177178, -44.671415944230404, -41.22794366536914, -41.00991525166032
/rds/general/user/dtj20/home/signals/NUANCE_SIGNALS/all/P2_1580-141083-0000.wav, -42.65199752626763, -44.18698779202516, -47.161518489866616, -46.53950364363135, -44.03171275294035, -42.86416260516549, -42.740463148144244
/rds/general/user/dtj20/home/signals/NUANCE_SIGNALS/all/D2_3575-170457-0001.wav, -38.97503351131843, -41.38204224098182, -45.19282728259272, -43.865801153141604, -40.73188277291532, -38.4926561907048, -37.058021744473685
/rds/general/user/dtj20/home/signals/NUANCE_SIGNALS/all/D2_1580-141083-0013.wav, -38.99625141341761, -41.18774428857903, -45.299256086492036, -44.2949079413614, -40.95346175212342, -38.93760698131619, -38.26337279238612
/rds/general/user/dtj20/home/signals/NUANCE_SIGNALS/all/P1_3575-170457-0013.wav, -41.14465213243592, -43.35302094738339, -46.37511624618121, -46.71049244346303, -44.143908111790005, -41.59848457691956, -41.235785244097144
/rds/general/user/dtj20/home/signals/NUANCE_SIGNALS/all/D2_1580-141083-0008.wav, -39.52761419742946, -42.07802029314897, -45.876492043049744, -45.460990273294215, -42.573809010337854, -40.923697531239796, -40.45743679394812
/rds/general/user/dtj20/home/signals/NUANCE_SIGNALS/all/P2_1995-1826-0017.wav, -41.5682261471456, -44.02638469798493, -47.864716194476884, -47.56863038520949, -44.03863543726323, -41.18726994711943, -39.65333392740222
/rds/general/user/dtj20/home/signals/NUANCE_SIGNALS/all/D1_237-126133-0008.wav, -42.4339467420825, -44.64715468063504, -48.92913591304214, -47.82065005912507, -43.342394350127485, -40.30992469519552, -38.80190619881513
/rds/general/user/dtj20/home/signals/NUANCE_SIGNALS/all/P1_3575-170457-0020.wav, -38.188308260093834, -40.60423249163889, -45.4285184163473, -44.65003339402826, -40.21106451656246, -37.380907334805535, -36.112858306720376
/rds/general/user/dtj20/home/signals/NUANCE_SIGNALS/all/D2_121-121726-0004.wav, -42.92080492182848, -45.2166270610169, -49.3571771156528, -48.319829187427175, -44.806208381617594, -42.485780550161216, -41.25202169644801
/rds/general/user/dtj20/home/signals/NUANCE_SIGNALS/all/D2_3570-5694-0011.wav, -44.79292342024398, -47.11561537450005, -50.65413168344833, -50.1385308035308, -46.99770767018531, -44.56820658273248, -43.09617013344621
/rds/general/user/dtj20/home/signals/NUANCE_SIGNALS/all/D1_3570-5694-0011.wav, -42.060721984577405, -44.2201910592168, -47.57159130247992, -46.766116355509496, -43.62277439343745, -41.198389826876706, -39.86900370899697
/rds/general/user/dtj20/home/signals/NUANCE_SIGNALS/all/P2_2300-131720-0005.wav, -35.68718033092547, -38.017180797591756, -41.02799643578126, -40.596062568686634, -37.812396199458014, -35.43932231136232, -34.08287392591842
/rds/general/user/dtj20/home/signals/NUANCE_SIGNALS/all/P1_121-121726-0007.wav, -42.00760724365039, -43.87431527000373, -47.60261860391335, -47.124352973472824, -43.34670699356111, -40.96878117032631, -40.00686581736645
/rds/general/user/dtj20/home/signals/NUANCE_SIGNALS/all/P1_1089-134686-0008.wav, -41.68317425623972, -44.23213222204107, -49.04773081229691, -47.883211381206195, -43.28361199483787, -40.33215038864428, -38.9518118812894
/rds/general/user/dtj20/home/signals/NUANCE_SIGNALS/all/P1_1580-141083-0000.wav, -44.30944118455361, -45.872860973936284, -48.75509342802423, -47.54111184465138, -45.40121961178265, -43.437164616104305, -42.26404924485648
/rds/general/user/dtj20/home/signals/NUANCE_SIGNALS/all/P2_3575-170457-0001.wav, -35.30624055153842, -37.43015745700225, -41.59879688937758, -41.22834995809075, -37.53548749607734, -35.10126359386431, -34.09719788078774
/rds/general/user/dtj20/home/signals/NUANCE_SIGNALS/all/D1_3575-170457-0020.wav, -39.59426454141435, -42.41018944537081, -46.66760694399228, -42.41319183303516, -39.988034032084, -37.380973682503175, -35.88784425333945
/rds/general/user/dtj20/home/signals/NUANCE_SIGNALS/all/P1_2300-131720-0005.wav, -35.09671242493097, -37.9413734887985, -42.374818576496516, -41.949125914875665, -38.10975006592698, -35.124917998952355, -33.48551526574943
/rds/general/user/dtj20/home/signals/NUANCE_SIGNALS/all/P2_1320-122612-0001.wav, -37.98139359599211, -39.54107891252462, -41.393360988045764, -39.374976226468846, -37.659280726788786, -37.79440618673574, -37.12525170293483
/rds/general/user/dtj20/home/signals/NUANCE_SIGNALS/all/P2_121-121726-0004.wav, -41.5906095033949, -42.73028906313124, -46.51010693106029, -46.246898390821016, -43.386768926903976, -41.92620455495628, -41.44927703337377
/rds/general/user/dtj20/home/signals/NUANCE_SIGNALS/all/D1_2300-131720-0016.wav, -41.1359335038472, -43.30970873904211, -43.268734908538995, -42.89448809855803, -41.112494948330855, -39.95424906582504, -39.42358683017173
/rds/general/user/dtj20/home/signals/NUANCE_SIGNALS/all/P1_1320-122612-0009.wav, -38.813292457531695, -41.5081976946293, -45.38539154397995, -45.59401213338358, -41.48341772172834, -38.48979725918146, -36.8152039302667
/rds/general/user/dtj20/home/signals/NUANCE_SIGNALS/all/D1_3575-170457-0008.wav, -44.336712520585195, -46.13436605017485, -48.556394628983455, -47.302097416156634, -45.17702943963437, -43.202563092630385, -41.90774726909963
/rds/general/user/dtj20/home/signals/NUANCE_SIGNALS/all/P1_237-126133-0006.wav, -38.94521897456071, -41.58653803653667, -46.36111163049327, -45.31508507474256, -40.846106428385724, -38.13485508932728, -37.12261755921346
/rds/general/user/dtj20/home/signals/NUANCE_SIGNALS/all/P1_1320-122612-0012.wav, -43.45040124222056, -45.87887415065896, -49.445001364127215, -48.01653732575633, -44.96863100847867, -42.54503989198456, -41.3736838043214
/rds/general/user/dtj20/home/signals/NUANCE_SIGNALS/all/D2_1320-122612-0016.wav, -44.43656347333929, -46.44017857813121, -50.38940001068275, -49.66117179223029, -46.09161906824184, -44.41362991421492, -43.38457614226736
/rds/general/user/dtj20/home/signals/NUANCE_SIGNALS/all/D1_1284-1180-0003.wav, -35.690092963479344, -39.13001809590191, -40.6844237040233, -39.69075715314958, -39.44899952344232, -36.534691046880965, -35.96315047825601
/rds/general/user/dtj20/home/signals/NUANCE_SIGNALS/all/P1_3570-5694-0004.wav, -40.33920357717509, -36.97053530917232, -41.08284719958678, -39.30124052024587, -41.300854832933254, -38.48953574739158, -39.360197900811336
/rds/general/user/dtj20/home/signals/NUANCE_SIGNALS/all/P1_2300-131720-0014.wav, -40.64559628682397, -43.60565343189834, -47.17098202732817, -44.736820285743036, -40.11255479942407, -36.96219182050913, -36.019095768298016
/rds/general/user/dtj20/home/signals/NUANCE_SIGNALS/all/P2_237-126133-0006.wav, -40.27795987300585, -42.233013479519116, -45.90338973508041, -45.47921160516698, -41.849741185938456, -39.83009578459176, -39.222829153813294
/rds/general/user/dtj20/home/signals/NUANCE_SIGNALS/all/P2_1284-1180-0017.wav, -38.15509768812876, -40.94503739678653, -45.341065383622634, -44.864850956899346, -40.899688214929185, -37.91109590822682, -36.2669422440018
/rds/general/user/dtj20/home/signals/NUANCE_SIGNALS/all/P2_1995-1826-0009.wav, -40.84529823808605, -43.28395710764894, -47.657482680455345, -46.9920196422982, -43.56124364739961, -41.00099381685715, -39.52834685176769
/rds/general/user/dtj20/home/signals/NUANCE_SIGNALS/all/D1_2300-131720-0008.wav, -40.12613858859777, -42.04123921932171, -45.26385736712656, -44.65061284869026, -41.327025278271414, -38.829196701162495, -37.27581479761427
/rds/general/user/dtj20/home/signals/NUANCE_SIGNALS/all/D2_1320-122612-0001.wav, -39.324578979364674, -41.607749344725775, -45.10759488022807, -44.15782801158882, -41.65440353936744, -40.35992096793631, -39.40617206803979
/rds/general/user/dtj20/home/signals/NUANCE_SIGNALS/all/D2_237-126133-0001.wav, -38.93005007102899, -41.16531553654074, -47.215195143315924, -46.10140344843667, -42.741081611324404, -43.09593345614881, -40.825790691836204
/rds/general/user/dtj20/home/signals/NUANCE_SIGNALS/all/P1_1995-1826-0009.wav, -43.43601849535791, -46.03379816012544, -49.75355424132263, -49.349100841019826, -45.7650532045332, -42.84716200856896, -41.37199183094598
/rds/general/user/dtj20/home/signals/NUANCE_SIGNALS/all/P2_3570-5694-0012.wav, -37.91750238632778, -39.3575140478658, -42.86025593895125, -42.83232479159163, -38.96867540368622, -36.73085921647343, -35.78831102306763
/rds/general/user/dtj20/home/signals/NUANCE_SIGNALS/all/P2_2300-131720-0013.wav, -37.45394125347481, -39.10446731957038, -41.51833981262372, -40.40872324969713, -38.208506365083544, -36.85111416999846, -35.930111058820216
/rds/general/user/dtj20/home/signals/NUANCE_SIGNALS/all/P1_1284-1180-0014.wav, -40.03067677173078, -42.80016690804243, -47.98725422809956, -47.496627725553076, -43.03082274115628, -40.032436253751555, -38.51901731617007
/rds/general/user/dtj20/home/signals/NUANCE_SIGNALS/all/D2_237-126133-0006.wav, -43.39860548794631, -45.40464135032175, -49.47518966236002, -48.381921067579285, -44.62886616189671, -42.86408018656221, -42.52726869255866
/rds/general/user/dtj20/home/signals/NUANCE_SIGNALS/all/D1_1580-141083-0013.wav, -38.64089070023182, -39.32190798628217, -38.08232184070481, -38.640025598226806, -39.086712253756545, -34.917011772586775, -32.29513586154662
/rds/general/user/dtj20/home/signals/NUANCE_SIGNALS/all/D2_3570-5694-0014.wav, -42.84984702036705, -45.07290680038, -48.606326343217304, -48.104927777877045, -44.63526340952467, -42.280715407880216, -40.90699246458161
/rds/general/user/dtj20/home/signals/NUANCE_SIGNALS/all/P2_237-126133-0000.wav, -41.678073820969686, -42.977904053158525, -46.69937056750114, -46.237215837771906, -43.437688707536914, -42.19909943916552, -42.0469442931519
/rds/general/user/dtj20/home/signals/NUANCE_SIGNALS/all/D2_237-126133-0008.wav, -47.00770111457045, -48.8865519800666, -52.941966309119806, -52.46457049156174, -48.56331917351335, -46.27641509113397, -45.16669595438625
/rds/general/user/dtj20/home/signals/NUANCE_SIGNALS/all/D1_1284-1180-0017.wav, -43.49447785293342, -45.729559519255865, -48.93583586267374, -48.44174044439826, -45.006823233438894, -42.398664571039916, -41.03576227760195
/rds/general/user/dtj20/home/signals/NUANCE_SIGNALS/all/P1_2300-131720-0008.wav, -40.80505445108663, -42.85047846678619, -45.48821476233861, -44.10689940034442, -41.32244809965076, -39.93588445527373, -39.2525397017122
/rds/general/user/dtj20/home/signals/NUANCE_SIGNALS/all/D1_1580-141083-0000.wav, -44.142382049090415, -42.82598243761795, -44.97676133613056, -44.94831344555771, -44.26918038758056, -41.08711973905131, -40.116938076148585
/rds/general/user/dtj20/home/signals/NUANCE_SIGNALS/all/D2_1089-134686-0022.wav, -43.74493715819234, -46.33767878348721, -50.736010595302034, -50.20049829875418, -47.17440807700845, -44.87638602931825, -43.437086075812246
/rds/general/user/dtj20/home/signals/NUANCE_SIGNALS/all/D1_1995-1826-0000.wav, -44.40055613847525, -45.78307374296916, -46.19775254624868, -46.36916508990552, -44.450017885868576, -43.19598802155585, -42.09828881852803
/rds/general/user/dtj20/home/signals/NUANCE_SIGNALS/all/P2_2300-131720-0016.wav, -37.200911957235434, -37.8795593353643, -41.89833898207971, -41.00765329713379, -38.7152146110934, -36.39234823017361, -35.218889770813256
/rds/general/user/dtj20/home/signals/NUANCE_SIGNALS/all/D1_1580-141083-0014.wav, -41.863076415841896, -43.22971987812466, -45.67919628634868, -43.91381566527259, -40.64815287126254, -38.36656352190069, -37.37333778863459
/rds/general/user/dtj20/home/signals/NUANCE_SIGNALS/all/P1_237-126133-0001.wav, -43.73158837465176, -45.812244946724036, -50.24079758289421, -49.79565282618522, -45.886375024066794, -43.62683668933916, -43.058707626766505
/rds/general/user/dtj20/home/signals/NUANCE_SIGNALS/all/P2_1580-141083-0004.wav, -41.75038317469162, -43.127198060125984, -46.817359100823126, -46.69147700684179, -43.7806453272302, -42.25622947228844, -42.120715943904834
/rds/general/user/dtj20/home/signals/NUANCE_SIGNALS/all/D1_3570-5694-0005.wav, -41.83336625322379, -44.5536611142155, -48.8778001391212, -48.08348790535126, -44.422312362557996, -41.82662049225404, -40.42684182475023
/rds/general/user/dtj20/home/signals/NUANCE_SIGNALS/all/P1_237-126133-0007.wav, -41.96781167190045, -43.53698757314933, -47.95867455243307, -46.669363950455924, -43.057986831603465, -41.59173872504602, -41.16785631213308
/rds/general/user/dtj20/home/signals/NUANCE_SIGNALS/all/D2_1580-141083-0014.wav, -39.59816118708557, -41.62011104210996, -44.945019799398, -41.593244871843815, -38.26321185413455, -39.194107242954324, -38.03624187337525
/rds/general/user/dtj20/home/signals/NUANCE_SIGNALS/all/P1_1089-134686-0022.wav, -41.23095703012156, -43.82387277967253, -48.62461397302784, -47.471679096417375, -42.889009780766386, -40.11313645753063, -39.146563602623836
/rds/general/user/dtj20/home/signals/NUANCE_SIGNALS/all/D2_1320-122612-0012.wav, -43.43630217372052, -44.915725532138815, -49.28251137066888, -48.81971114852944, -44.794500855251364, -43.309734714596864, -42.31026211790666
/rds/general/user/dtj20/home/signals/NUANCE_SIGNALS/all/P2_1995-1826-0000.wav, -41.90028086525005, -44.284002280614054, -47.7723433699967, -47.459493006512176, -44.7662852117001, -42.101430077849585, -40.38168790168336
/rds/general/user/dtj20/home/signals/NUANCE_SIGNALS/all/D1_1089-134686-0016.wav, -47.286711107040674, -49.1216023936094, -52.08315279445068, -51.07378321307795, -48.118810251564454, -46.06547745314166, -45.1127610170259
/rds/general/user/dtj20/home/signals/NUANCE_SIGNALS/all/P1_1320-122612-0013.wav, -41.75834292132042, -44.54819784420857, -47.89793207625677, -45.77414093765722, -42.65286580752884, -40.38639320118434, -39.07766349049596
/rds/general/user/dtj20/home/signals/NUANCE_SIGNALS/all/P2_1089-134686-0016.wav, -42.57829116100418, -43.49482964619307, -47.41603354550552, -46.03405234676059, -42.347018953028474, -40.993132900257365, -41.34971027907048
/rds/general/user/dtj20/home/signals/NUANCE_SIGNALS/all/P1_1580-141083-0013.wav, -36.12479214230128, -38.23010183578926, -41.634830732722925, -43.03419691386985, -40.0346619620824, -37.255079120688265, -36.78318756697852
/rds/general/user/dtj20/home/signals/NUANCE_SIGNALS/all/P1_1284-1180-0017.wav, -40.03991291971712, -42.620522692913696, -47.72914176329423, -46.96720474367161, -42.86325390596957, -40.28666850171298, -39.12494710255965
/rds/general/user/dtj20/home/signals/NUANCE_SIGNALS/all/P2_1580-141083-0013.wav, -34.28656311680091, -36.31777870227681, -40.36702489710703, -39.008211167171105, -34.455383464611224, -31.941455607197643, -31.47100589219683
/rds/general/user/dtj20/home/signals/NUANCE_SIGNALS/all/P2_121-121726-0003.wav, -37.31743257924383, -38.90736114519461, -41.10791769313597, -40.41000945934212, -39.04824385689705, -38.06888087519584, -37.646296830907275
/rds/general/user/dtj20/home/signals/NUANCE_SIGNALS/all/P1_2300-131720-0013.wav, -40.8708108206673, -43.01310663220832, -46.66888932405848, -45.267783117609774, -42.07511554474486, -40.09447203186579, -39.179346041383376
/rds/general/user/dtj20/home/signals/NUANCE_SIGNALS/all/D1_237-126133-0001.wav, -46.804562791592694, -48.26088744435631, -51.24534326254175, -49.97347286963169, -46.67123814363422, -44.386339208560976, -43.51010258352339
/rds/general/user/dtj20/home/signals/NUANCE_SIGNALS/all/P1_1580-141083-0014.wav, -36.576122433232484, -39.0283725233766, -42.74666890081912, -42.41669183464451, -39.10189741456289, -36.43616350962797, -35.34512690875646
/rds/general/user/dtj20/home/signals/NUANCE_SIGNALS/all/D2_1580-141083-0004.wav, -45.63559789626021, -47.52681814655101, -51.18474881702238, -50.43499062950581, -47.1655326501066, -45.46228803713694, -44.71301178694222
/rds/general/user/dtj20/home/signals/NUANCE_SIGNALS/all/P1_1284-1180-0011.wav, -34.62132117746966, -37.21262138099747, -41.50745243923069, -39.52297472415014, -35.03828397773452, -32.69846316842769, -32.1601068868187
/rds/general/user/dtj20/home/signals/NUANCE_SIGNALS/all/P2_237-126133-0001.wav, -40.824539016660495, -42.406039543093854, -46.504279031057294, -45.86367010851742, -42.483909914044, -40.83205356776568, -40.80618826298546
/rds/general/user/dtj20/home/signals/NUANCE_SIGNALS/all/D2_121-121726-0009.wav, -42.01415895742143, -44.01249096090023, -47.84794344784126, -46.740973313894415, -43.44339635964847, -42.024516240661654, -40.939150792683975
/rds/general/user/dtj20/home/signals/NUANCE_SIGNALS/all/D1_121-121726-0003.wav, -39.629032543113574, -42.165861583774955, -45.5952386563682, -44.63402716639426, -40.98504778501729, -38.18460392247093, -36.78972676125898
/rds/general/user/dtj20/home/signals/NUANCE_SIGNALS/all/P1_1995-1826-0021.wav, -41.930291738194455, -44.7896457026824, -48.052273375349266, -48.2821278726034, -44.57248975615637, -41.76656900991659, -40.16659482998028
/rds/general/user/dtj20/home/signals/NUANCE_SIGNALS/all/P1_237-126133-0000.wav, -39.38039318533776, -41.54500240482684, -46.50388787154124, -46.02562734841629, -42.120893085593025, -40.445914093300445, -40.5195439913221
/rds/general/user/dtj20/home/signals/NUANCE_SIGNALS/all/D2_2300-131720-0014.wav, -42.47881411113181, -45.43087571409782, -49.15599948848286, -48.14496013051815, -45.17967114792265, -42.75675555871666, -41.27551495699825
/rds/general/user/dtj20/home/signals/NUANCE_SIGNALS/all/D1_1580-141083-0008.wav, -41.45621281985334, -43.6294688607159, -47.56796269509452, -47.203567043793356, -43.7246534270103, -41.21172262368453, -40.582016118974195
/rds/general/user/dtj20/home/signals/NUANCE_SIGNALS/all/D1_1284-1180-0011.wav, -34.87996705161771, -35.590996516858, -39.334596552852794, -36.197698685922006, -35.65006000641566, -32.458484998073814, -31.12455442180318
/rds/general/user/dtj20/home/signals/NUANCE_SIGNALS/all/D1_1320-122612-0012.wav, -42.73646294215617, -44.21176455024742, -47.4296770745016, -46.25052279352931, -42.60269099574755, -39.72361317186619, -38.67955367483806
/rds/general/user/dtj20/home/signals/NUANCE_SIGNALS/all/P1_121-121726-0003.wav, -37.57912516553239, -39.462217350115154, -43.15710073262224, -43.03970744242258, -39.51994235076556, -37.03446222180591, -36.127221624755144
/rds/general/user/dtj20/home/signals/NUANCE_SIGNALS/all/D2_3570-5694-0004.wav, -42.05689397406091, -45.04349261934833, -49.3265122221261, -48.142420317507074, -44.9871640403235, -43.190657230059706, -42.25077269650632
/rds/general/user/dtj20/home/signals/NUANCE_SIGNALS/all/P1_3570-5694-0012.wav, -38.316090030366766, -41.56227853599749, -46.543568455428534, -43.709308782125916, -38.226919247103595, -35.58228427325076, -35.59087679556753
/rds/general/user/dtj20/home/signals/NUANCE_SIGNALS/all/D1_1995-1826-0017.wav, -41.779475835850405, -43.91040884752372, -46.61845956654204, -45.99355803318719, -42.87178244312237, -40.18826535600391, -39.77514533115786
/rds/general/user/dtj20/home/signals/NUANCE_SIGNALS/all/D1_2300-131720-0005.wav, -39.103432039947734, -40.93537990356724, -43.104024307063895, -42.55723508355325, -40.10309789724167, -37.54778261236077, -36.44951468627636
/rds/general/user/dtj20/home/signals/NUANCE_SIGNALS/all/P2_121-121726-0000.wav, -38.99500971948012, -40.55497030604096, -44.32441558609905, -43.90274444728951, -40.84435754712785, -39.14971869677704, -38.524886024265214
/rds/general/user/dtj20/home/signals/NUANCE_SIGNALS/all/P1_2300-131720-0016.wav, -41.2791627364507, -42.302882452116826, -46.25468951414278, -44.42156547222352, -40.94919099730758, -39.972226453973754, -39.56264565378638
/rds/general/user/dtj20/home/signals/NUANCE_SIGNALS/all/P1_121-121726-0009.wav, -35.608960315275134, -38.6657970400973, -44.26429345923569, -43.67925585527861, -39.44090175729583, -37.68449432868871, -37.91937088510049
/rds/general/user/dtj20/home/signals/NUANCE_SIGNALS/all/D2_121-121726-0000.wav, -39.24495080901272, -40.63861324764105, -44.67863244399509, -43.50784900863866, -39.92461762309356, -39.05531176700802, -40.00831676877739
/rds/general/user/dtj20/home/signals/NUANCE_SIGNALS/all/P1_1089-134686-0000.wav, -40.777830514582206, -44.54159670881811, -48.455006571825635, -44.09934366261134, -38.4834999075754, -35.957953848633025, -36.384938616742474
/rds/general/user/dtj20/home/signals/NUANCE_SIGNALS/all/D2_1320-122612-0009.wav, -29.98965298253442, -33.143055702933786, -38.96707063450155, -37.490794914567935, -32.69736578077997, -28.383170294288075, -26.01687440862304
/rds/general/user/dtj20/home/signals/NUANCE_SIGNALS/all/D2_121-121726-0007.wav, -42.55949885977255, -44.02449726821507, -47.47816452462601, -46.202926702668336, -42.95557444084535, -41.90706742520036, -41.49995183006662
/rds/general/user/dtj20/home/signals/NUANCE_SIGNALS/all/D1_3570-5694-0004.wav, -39.377628291857235, -41.62452171508779, -45.37199191694273, -44.29570890888141, -39.87217052113494, -36.79946088178137, -35.264995898361576
/rds/general/user/dtj20/home/signals/NUANCE_SIGNALS/all/D2_1284-1180-0001.wav, -40.14375866082604, -42.72018160859864, -47.63969633075078, -47.234552971280976, -43.20830243306431, -40.79683153623196, -39.594501993565935
/rds/general/user/dtj20/home/signals/NUANCE_SIGNALS/all/P2_2300-131720-0014.wav, -39.09926265616243, -40.93302941129296, -44.828620734256205, -44.283179494570284, -41.46851358491375, -39.3886874097195, -38.217672677423884
/rds/general/user/dtj20/home/signals/NUANCE_SIGNALS/all/P2_121-121726-0009.wav, -40.46054032920988, -41.84425949360688, -44.55672924571665, -43.90200810386078, -42.15323702779824, -40.58061446982479, -40.27121056095303
/rds/general/user/dtj20/home/signals/NUANCE_SIGNALS/all/P2_3570-5694-0004.wav, -40.6609581808022, -42.68917393643703, -46.30287795926876, -45.92873714935963, -43.061352311806324, -41.08829156019262, -40.130260227508955
/rds/general/user/dtj20/home/signals/NUANCE_SIGNALS/all/D1_1089-134686-0004.wav, -39.93017869965086, -42.293502650952, -46.27083301341172, -45.16413266215792, -41.165247705160546, -38.39059901569694, -37.018333528335376
/rds/general/user/dtj20/home/signals/NUANCE_SIGNALS/all/D1_237-126133-0006.wav, -44.41592855559452, -46.44685383922048, -49.612482334075736, -48.29024218192274, -44.669510392582964, -42.38692946969757, -41.66188247169315
/rds/general/user/dtj20/home/signals/NUANCE_SIGNALS/all/D2_237-126133-0007.wav, -43.84973492035652, -45.85647234956692, -50.02073341378449, -49.22605591599745, -45.973369668407386, -44.403144271314964, -43.90834852813342
/rds/general/user/dtj20/home/signals/NUANCE_SIGNALS/all/P1_3570-5694-0011.wav, -42.71986027736686, -45.349932047715455, -49.754621027877526, -48.90503689039182, -45.032621937611566, -42.066823879890364, -40.357492691554306
/rds/general/user/dtj20/home/signals/NUANCE_SIGNALS/all/P2_1320-122612-0012.wav, -39.64848686521713, -42.44908450011626, -46.5833218560422, -46.07730106501017, -43.06243508300314, -40.608286072539414, -39.39706992330645
/rds/general/user/dtj20/home/signals/NUANCE_SIGNALS/all/P2_3570-5694-0005.wav, -43.32968777562468, -44.99950909713684, -48.51915344017275, -47.91011868075573, -44.68307532518963, -42.50972809061453, -41.6537841846203
/rds/general/user/dtj20/home/signals/NUANCE_SIGNALS/all/D2_1320-122612-0013.wav, -44.59441830225715, -46.65071416401125, -49.09036759120764, -48.71232997688951, -46.670476120059476, -44.95071792795217, -43.71075325760313
/rds/general/user/dtj20/home/signals/NUANCE_SIGNALS/all/P2_3575-170457-0008.wav, -40.99329924316794, -42.82991806659641, -46.37799131061197, -45.77786941082488, -42.053841614392226, -39.43544873550091, -38.202850415934904
/rds/general/user/dtj20/home/signals/NUANCE_SIGNALS/all/D2_3570-5694-0012.wav, -41.386192413539234, -43.71990045473913, -48.10692562601823, -47.70698453077105, -43.552941912796655, -40.78859748952568, -39.0974491489026
/rds/general/user/dtj20/home/signals/NUANCE_SIGNALS/all/D1_3575-170457-0001.wav, -40.20641357814253, -40.91631433320427, -43.74115209584164, -43.78685718841726, -40.81562899705473, -37.95517150894042, -37.1776470731918
/rds/general/user/dtj20/home/signals/NUANCE_SIGNALS/all/P2_1284-1180-0011.wav, -33.44923713905184, -35.5781587327337, -38.791931587938315, -38.17979721010552, -35.62216510061512, -33.09221938922787, -31.8153625785763
/rds/general/user/dtj20/home/signals/NUANCE_SIGNALS/all/P1_1320-122612-0001.wav, -39.09027547942696, -41.28976482639799, -43.97125900535177, -43.001090668887, -40.56796585091709, -38.29645885116415, -36.784532153596416
/rds/general/user/dtj20/home/signals/NUANCE_SIGNALS/all/D1_237-126133-0000.wav, -44.9459942061257, -46.717668426480934, -50.12264647712078, -48.911577492404525, -45.37822338598059, -43.03706378571121, -42.23783072624065
/rds/general/user/dtj20/home/signals/NUANCE_SIGNALS/all/D2_1995-1826-0017.wav, -41.34258452604995, -34.42049449259267, -30.999513748462128, -28.087457272412433, -24.283489927922247, -33.740054096564506, -40.07370300979336
/rds/general/user/dtj20/home/signals/NUANCE_SIGNALS/all/D1_121-121726-0009.wav, -42.267069813320546, -44.502855901945324, -48.02089965901161, -46.50854021119446, -43.21922812301494, -40.67893955351526, -39.683900072761176
/rds/general/user/dtj20/home/signals/NUANCE_SIGNALS/all/D2_2300-131720-0013.wav, -37.903935414493894, -37.34803834197556, -39.36883523439724, -39.55467972941288, -38.74996095699075, -38.90615565079094, -40.597792366167965
/rds/general/user/dtj20/home/signals/NUANCE_SIGNALS/all/P2_1089-134686-0008.wav, -37.89593036905454, -40.76198504615296, -45.646115416028586, -45.28573910089706, -40.433193982273885, -37.253361692240745, -35.63985589998181
/rds/general/user/dtj20/home/signals/NUANCE_SIGNALS/all/D2_1089-134686-0004.wav, -40.135655993773725, -42.40528188384833, -46.908099324972, -45.57280588695931, -41.11116831252228, -38.67150072165789, -37.407742165183755
/rds/general/user/dtj20/home/signals/NUANCE_SIGNALS/all/P2_237-126133-0007.wav, -39.65382197139094, -41.429924002755165, -45.769458142850596, -45.19162969499406, -41.35215956451403, -39.38566405138627, -38.976296548942464
/rds/general/user/dtj20/home/signals/NUANCE_SIGNALS/all/P2_1320-122612-0016.wav, -41.79224270260184, -43.43462120868698, -47.07161548612448, -46.35061378565442, -43.41536671600419, -41.76599177367977, -40.943795747577454
/rds/general/user/dtj20/home/signals/NUANCE_SIGNALS/all/D2_2300-131720-0005.wav, -36.0324330918779, -38.96799244603143, -43.31902050315617, -42.536910695703476, -38.771049629054374, -36.02686687448845, -34.27758746954544
/rds/general/user/dtj20/home/signals/NUANCE_SIGNALS/all/P2_3570-5694-0011.wav, -39.97374980968892, -42.62049362228139, -46.126388307629654, -45.90300237103202, -42.67551357111402, -40.236328419004394, -39.12867218575806
/rds/general/user/dtj20/home/signals/NUANCE_SIGNALS/all/P2_1284-1180-0003.wav, -35.820624195980436, -37.83845964747366, -42.00319653472335, -41.574192587560326, -37.84250308431968, -35.811361021921634, -35.08957723833197
/rds/general/user/dtj20/home/signals/NUANCE_SIGNALS/all/P1_1284-1180-0001.wav, -40.00047720507928, -42.5622408981199, -47.20690837332828, -45.9641867846609, -41.393575898501254, -39.0253923925625, -38.268673053412
/rds/general/user/dtj20/home/signals/NUANCE_SIGNALS/all/D2_1284-1180-0014.wav, -42.288255677654256, -44.89078121720006, -49.73213114218701, -48.73953753620677, -44.436156022988854, -41.44297589367082, -39.781551438755635
/rds/general/user/dtj20/home/signals/NUANCE_SIGNALS/all/P2_1284-1180-0014.wav, -36.482631634919464, -41.630196378183356, -40.19799746793918, -39.9005935568064, -40.60134414773295, -38.77090933235161, -34.96257941008718
/rds/general/user/dtj20/home/signals/NUANCE_SIGNALS/all/D2_1284-1180-0003.wav, -38.51595912324326, -41.10397114445057, -46.09748640850901, -45.16610515373738, -40.29539447213155, -37.232334129139005, -35.80039354729745
/rds/general/user/dtj20/home/signals/NUANCE_SIGNALS/all/D1_1284-1180-0014.wav, -41.50432499769537, -44.02010247377098, -48.129923303050305, -47.7833805402617, -44.01862923444827, -41.095513514703434, -39.54815288898689
/rds/general/user/dtj20/home/signals/NUANCE_SIGNALS/all/P1_1284-1180-0003.wav, -35.53750016486951, -38.16632419604388, -43.27384054233523, -42.679174938494, -38.381941629248246, -36.09333898580641, -35.668863486639374
/rds/general/user/dtj20/home/signals/NUANCE_SIGNALS/all/P2_1089-134686-0000.wav, -40.31433220135461, -41.296831511302926, -45.62591983619295, -44.6448654072839, -41.45321652750098, -39.874376272656335, -39.40441990305127
/rds/general/user/dtj20/home/signals/NUANCE_SIGNALS/all/P1_1580-141083-0008.wav, -41.62286843056709, -43.41345568688343, -47.22448218038031, -45.55556388899709, -41.95773599032069, -39.748395830832884, -39.430577973326
/rds/general/user/dtj20/home/signals/NUANCE_SIGNALS/all/P2_121-121726-0007.wav, -40.93202597778693, -42.5464639044107, -46.11225120386472, -45.68708463631011, -42.93378564319718, -40.88001159731771, -39.80970611392918
/rds/general/user/dtj20/home/signals/NUANCE_SIGNALS/all/D1_2300-131720-0014.wav, -43.260295865472536, -45.10122105527693, -47.81597259933473, -46.9520419356708, -44.3273677469388, -42.282919974544626, -41.120297992771924
/rds/general/user/dtj20/home/signals/NUANCE_SIGNALS/all/P2_3575-170457-0020.wav, -37.677134974674864, -39.74297740694104, -43.732821010046834, -42.1604373687753, -39.40617508194283, -37.2635295191327, -36.64460475781398
/rds/general/user/dtj20/home/signals/NUANCE_SIGNALS/all/D2_2300-131720-0016.wav, -33.916157433993476, -36.832733049765224, -42.55239003949097, -35.37450890627082, -39.62263163086408, -40.226795928770315, -33.68723392263312
/rds/general/user/dtj20/home/signals/NUANCE_SIGNALS/all/D2_1995-1826-0009.wav, -43.183873706949896, -44.63017515013877, -45.12168895351066, -48.15380153364661, -45.57937839508387, -42.69983449245707, -42.15026384303344
/rds/general/user/dtj20/home/signals/NUANCE_SIGNALS/all/D2_3570-5694-0005.wav, -44.69621721623283, -47.07579132689002, -51.54546838802425, -50.96693260815294, -47.45962192176418, -45.13530642996423, -43.86848056666106
/rds/general/user/dtj20/home/signals/NUANCE_SIGNALS/all/P1_237-126133-0008.wav, -46.8180088823436, -48.92361876198664, -53.3172204271085, -52.61190866244565, -48.99966634810342, -46.72263918423024, -45.60891063495704
/rds/general/user/dtj20/home/signals/NUANCE_SIGNALS/all/D2_3575-170457-0008.wav, -44.00287372228236, -46.024616927310205, -49.691689016785396, -48.55799694809829, -45.411423469224715, -43.55407805899718, -42.54048192471507
/rds/general/user/dtj20/home/signals/NUANCE_SIGNALS/all/D2_3575-170457-0013.wav, -41.40938384847425, -43.44781998591544, -47.304188835819936, -46.72351435472011, -43.53780273741023, -42.07209033233882, -41.738402100355074
/rds/general/user/dtj20/home/signals/NUANCE_SIGNALS/all/P1_1089-134686-0004.wav, -38.98540192461859, -41.44074024413342, -46.144643606117015, -45.47195431757466, -41.214629793612865, -38.60950737758277, -37.52463056035065
/rds/general/user/dtj20/home/signals/NUANCE_SIGNALS/all/D1_121-121726-0004.wav, -42.76222429767067, -45.17520101310338, -49.320079576219804, -47.745787473518924, -44.16996323574832, -42.039225231441094, -41.06873009381602
/rds/general/user/dtj20/home/signals/NUANCE_SIGNALS/all/D1_1995-1826-0021.wav, -44.405301923273946, -45.636709076758606, -45.541326028901935, -46.913411694634675, -45.50944022783817, -43.07021938442346, -42.85114478403388
/rds/general/user/dtj20/home/signals/NUANCE_SIGNALS/all/P1_3570-5694-0005.wav, -45.552748969837836, -47.830819773548434, -51.6256855814201, -50.72004006447965, -47.23470432114465, -44.82552009195934, -43.56754418211031
/rds/general/user/dtj20/home/signals/NUANCE_SIGNALS/all/D2_1284-1180-0017.wav, -44.33868409231345, -46.6318549190435, -50.63465539940911, -49.762791280828836, -46.18033644814212, -43.86936801523831, -42.52156266174731
/rds/general/user/dtj20/home/signals/NUANCE_SIGNALS/all/D1_1089-134686-0008.wav, -35.664385638093854, -39.03719843401651, -44.94822117956777, -43.398801992851645, -38.44865780460354, -34.80498131259219, -32.590493825376264
/rds/general/user/dtj20/home/signals/NUANCE_SIGNALS/all/D1_1089-134686-0022.wav, -43.729492978462034, -45.7711753715011, -49.54239368925687, -48.77291879905237, -45.110318959303164, -42.58695658634575, -41.51799028467617
/rds/general/user/dtj20/home/signals/NUANCE_SIGNALS/all/D1_1320-122612-0016.wav, -44.426134734283934, -45.9561446913559, -49.12596101835927, -46.9205309108078, -44.079517941281864, -41.776498097095626, -41.07993875159103
/rds/general/user/dtj20/home/signals/NUANCE_SIGNALS/all/P2_3575-170457-0000.wav, -35.437520745092854, -36.382277900456366, -40.59864557748996, -41.08277414247041, -38.0542231866009, -36.66680846435484, -36.1828548795271
/rds/general/user/dtj20/home/signals/NUANCE_SIGNALS/all/D1_1320-122612-0001.wav, -41.12435798839102, -42.11611379539956, -42.562587611463734, -42.922416045400986, -41.47682219198246, -39.28715355340397, -38.739628206757175
/rds/general/user/dtj20/home/signals/NUANCE_SIGNALS/all/P1_121-121726-0000.wav, -41.229348415303775, -43.761294741339256, -47.85131968610365, -46.9150470020978, -42.953057370641005, -40.430120838887945, -39.56492382971806
/rds/general/user/dtj20/home/signals/NUANCE_SIGNALS/all/D1_121-121726-0007.wav, -31.879801529552246, -34.5130298362299, -39.8266792945985, -38.860195889122984, -33.77455791899178, -30.545700495732454, -29.004417503207453
/rds/general/user/dtj20/home/signals/NUANCE_SIGNALS/all/P2_1089-134686-0022.wav, -41.6219203344502, -43.39240540856868, -47.24060799484306, -46.85980462506993, -43.54177104414128, -41.677527414547875, -41.00013971563955
/rds/general/user/dtj20/home/signals/NUANCE_SIGNALS/all/D2_1089-134686-0008.wav, -44.73978300959236, -47.27546717403215, -51.844333225459245, -51.13943465407908, -46.96179901730524, -44.221204332352, -42.5844719017084
/rds/general/user/dtj20/home/signals/NUANCE_SIGNALS/all/D1_2300-131720-0013.wav, -38.266854943131754, -40.37027638070583, -44.40834413264949, -43.561414314285514, -39.4089458735997, -36.892333287907164, -36.15266609726943
/rds/general/user/dtj20/home/signals/NUANCE_SIGNALS/all/D1_3575-170457-0013.wav, -42.68947491227542, -44.780932253979806, -48.00523104493779, -46.91766937028681, -43.77020419607427, -41.13653296268662, -40.168744740363714
/rds/general/user/dtj20/home/signals/NUANCE_SIGNALS/all/D2_1995-1826-0021.wav, -43.70929333452586, -45.94749233534636, -49.438717236941656, -48.711785916590046, -45.703030845995805, -43.80111100735327, -42.42096493078578
/rds/general/user/dtj20/home/signals/NUANCE_SIGNALS/all/D2_237-126133-0000.wav, -45.446184238410574, -47.385814704408425, -49.64737119656359, -49.57312379062556, -45.49332188073511, -43.77614910066502, -43.65162646030321
/rds/general/user/dtj20/home/signals/NUANCE_SIGNALS/all/D2_3575-170457-0000.wav, -39.21837265837573, -41.81917956237022, -45.03947433028426, -44.665064937458645, -41.126866776570026, -39.09469600475502, -38.631979101696295
/rds/general/user/dtj20/home/signals/NUANCE_SIGNALS/all/D1_3570-5694-0014.wav, -36.73749953242674, -39.39574321347345, -42.53641339570733, -42.64660224116004, -38.81770828672248, -36.052307217123754, -34.901364505898506
/rds/general/user/dtj20/home/signals/NUANCE_SIGNALS/all/D2_121-121726-0003.wav, -40.034638176801074, -41.45514547473719, -45.0975475128875, -43.99022267515634, -40.49893205134843, -39.178557283260204, -39.393920779909976
