/rds/general/user/dtj20/home/signals/NUANCE_SIGNALS/all/D1_1320-122612-0009.wav, -38.73877771379736, -41.680756706313915, -46.73699957938165, -45.87366684076325, -41.25346767306809, -38.16975636256723, -36.66113429447386
/rds/general/user/dtj20/home/signals/NUANCE_SIGNALS/all/P1_3575-170457-0001.wav, -39.949540789169006, -41.830451904391566, -45.888446957813244, -44.83360753598002, -40.94166404330308, -39.270192319794596, -39.161099004325266
/rds/general/user/dtj20/home/signals/NUANCE_SIGNALS/all/D2_1995-1826-0015.wav, -42.57521414560668, -44.90273058960178, -49.405621724509665, -48.62681752478537, -45.06526611190593, -42.941250319304764, -41.89322151449953
/rds/general/user/dtj20/home/signals/NUANCE_SIGNALS/all/P2_2300-131720-0008.wav, -38.53540135439178, -40.995219053784446, -45.47420869231216, -45.0610882998794, -40.94970915960587, -38.23340187203328, -36.65643041243065
/rds/general/user/dtj20/home/signals/NUANCE_SIGNALS/all/P1_1320-122612-0016.wav, -42.55804924336456, -45.13713529190635, -48.995496869720284, -47.997361711210125, -44.574645221224394, -41.99884493450515, -40.66024763010351
/rds/general/user/dtj20/home/signals/NUANCE_SIGNALS/all/D1_3575-170457-0000.wav, -38.08547309783616, -40.77994059417992, -45.670372281156624, -44.82966805659367, -40.623720198552846, -38.24653293431836, -37.500012467397255
/rds/general/user/dtj20/home/signals/NUANCE_SIGNALS/all/D2_1089-134686-0016.wav, -46.57824418211115, -48.63780909180262, -52.55627614886289, -51.59875102229577, -48.36301610365412, -46.501160468942146, -45.514436963671905
/rds/general/user/dtj20/home/signals/NUANCE_SIGNALS/all/D1_121-121726-0000.wav, -38.89431496415811, -40.608092615350806, -44.919496239295604, -42.74984429957171, -37.43077337357296, -34.229834533837426, -32.825082695516926
/rds/general/user/dtj20/home/signals/NUANCE_SIGNALS/all/P2_1284-1180-0001.wav, -37.21357883474506, -39.713747483306925, -44.82664954918343, -43.93464980769274, -39.139691122962084, -36.1633450210443, -34.62241854032851
/rds/general/user/dtj20/home/signals/NUANCE_SIGNALS/all/P1_3570-5694-0014.wav, -40.91523654319501, -43.61842454810806, -48.090339513743494, -46.881323214896625, -42.7394178590162, -40.16409869457522, -39.05882455512133
/rds/general/user/dtj20/home/signals/NUANCE_SIGNALS/all/D1_1284-1180-0001.wav, -42.26486540146314, -44.79517837599356, -49.55539294345748, -48.526999735847056, -43.99552356595896, -40.94349247598636, -39.57417983566265
/rds/general/user/dtj20/home/signals/NUANCE_SIGNALS/all/P1_121-121726-0004.wav, -43.040347075400014, -43.4060619884213, -46.38112047479224, -47.02714861767824, -44.46517729191511, -40.674507072196334, -38.944606097723195
/rds/general/user/dtj20/home/signals/NUANCE_SIGNALS/all/D2_1580-141083-0000.wav, -45.85502381833645, -47.618044740203054, -50.90695641389341, -50.02400369060888, -47.28660307516273, -46.26253641585235, -45.52221363098881
/rds/general/user/dtj20/home/signals/NUANCE_SIGNALS/all/P1_1580-141083-0004.wav, -43.00074812245199, -45.122232093771814, -49.10092299897168, -47.03327357320922, -45.37428270843542, -44.00909596457973, -42.81983578234953
/rds/general/user/dtj20/home/signals/NUANCE_SIGNALS/all/D1_1580-141083-0004.wav, -42.77927050873653, -44.71545364727797, -46.465816791908196, -43.81685943416081, -43.41445686783761, -39.03926853426904, -35.302910309653385
/rds/general/user/dtj20/home/signals/NUANCE_SIGNALS/all/D2_1284-1180-0011.wav, -31.43135638162544, -33.95567681193419, -39.27096973309315, -38.07151646427462, -32.87608148443308, -29.69037233272658, -28.28340928017768
/rds/general/user/dtj20/home/signals/NUANCE_SIGNALS/all/P2_1580-141083-0014.wav, -37.0951571899598, -38.850273983397315, -42.5977718858685, -42.10372255009971, -39.106837684073916, -37.168612059976134, -36.53383732305245
/rds/general/user/dtj20/home/signals/NUANCE_SIGNALS/all/P2_1320-122612-0013.wav, -36.04381327635748, -39.04785229266177, -44.2961157845231, -42.54063860922942, -39.025839738851005, -35.81574700234788, -33.72528678409387
/rds/general/user/dtj20/home/signals/NUANCE_SIGNALS/all/D2_1089-134686-0000.wav, -45.02885179439413, -47.5816311243349, -52.155409345972544, -51.18321156734428, -47.41102895081699, -45.18604847232763, -44.00490283692844
/rds/general/user/dtj20/home/signals/NUANCE_SIGNALS/all/P2_1320-122612-0009.wav, -36.113810589614765, -37.09147904968381, -41.11391280964842, -40.308350523301975, -36.79232194228507, -35.656467511112105, -35.25137771270709
/rds/general/user/dtj20/home/signals/NUANCE_SIGNALS/all/P2_1580-141083-0008.wav, -40.480682635915954, -41.927591715258416, -45.37381997050638, -44.946901556338844, -42.12465357458213, -40.56896901913249, -40.0310064941372
/rds/general/user/dtj20/home/signals/NUANCE_SIGNALS/all/D2_3575-170457-0020.wav, -40.77986110742212, -42.56825476064215, -46.172730143959946, -45.5569360333386, -42.33334437040255, -39.81889430388861, -39.011439221181575
/rds/general/user/dtj20/home/signals/NUANCE_SIGNALS/all/D2_2300-131720-0008.wav, -41.69484584024516, -43.80053105712687, -46.611876413974535, -43.568801570766176, -39.07093664429763, -37.47017430191776, -38.09972193756544
/rds/general/user/dtj20/home/signals/NUANCE_SIGNALS/all/P2_1995-1826-0015.wav, -37.99791617971213, -40.566949290545395, -45.60623258940861, -45.09103439213284, -40.697274434880775, -37.86620039427739, -36.275848842010646
/rds/general/user/dtj20/home/signals/NUANCE_SIGNALS/all/D1_3570-5694-0012.wav, -40.32896735850629, -43.12929708194371, -47.703959367351686, -46.82936185417206, -42.28942019262413, -39.377454673952194, -38.0253467780727
/rds/general/user/dtj20/home/signals/NUANCE_SIGNALS/all/P1_1995-1826-0017.wav, -42.31862787301142, -45.01456467962331, -49.49433579979122, -48.65803796985613, -44.917385269944276, -41.81146039129095, -40.30063701427452
/rds/general/user/dtj20/home/signals/NUANCE_SIGNALS/all/D1_1995-1826-0015.wav, -42.91583096651073, -44.80913596516174, -48.875214787837876, -47.6158057549584, -43.04926515437483, -39.9064799731898, -38.55936081614279
/rds/general/user/dtj20/home/signals/NUANCE_SIGNALS/all/D1_1995-1826-0009.wav, -45.36276172681007, -47.50029697181401, -51.20465662366546, -50.04611644774077, -46.22495254432913, -43.368612833724725, -41.90720223310079
/rds/general/user/dtj20/home/signals/NUANCE_SIGNALS/all/P1_1995-1826-0015.wav, -43.325242324028, -45.834011664014, -49.90977817333853, -48.915342502536355, -44.85464204446633, -42.198293425697564, -41.49834715873788
/rds/general/user/dtj20/home/signals/NUANCE_SIGNALS/all/P1_3575-170457-0000.wav, -38.15772137204909, -40.00753527546379, -44.321955174420154, -44.31022009240308, -39.9664191604601, -36.60237473170034, -35.338565409061154
/rds/general/user/dtj20/home/signals/NUANCE_SIGNALS/all/P2_3570-5694-0014.wav, -40.276116228164796, -42.5221352500029, -47.22961260592116, -46.70524147479951, -42.67848223340362, -40.17745860558644, -38.98120221736126
/rds/general/user/dtj20/home/signals/NUANCE_SIGNALS/all/P2_1089-134686-0004.wav, -36.69193097562571, -37.67534762088655, -41.87040142062557, -41.439694702955535, -37.92467820611368, -36.762397042054246, -36.90081568788821
/rds/general/user/dtj20/home/signals/NUANCE_SIGNALS/all/D1_237-126133-0007.wav, -45.23054205508024, -46.90941174876041, -50.41617696656041, -48.80425950206593, -44.840154569477555, -42.27028195157072, -41.24423720355692
/rds/general/user/dtj20/home/signals/NUANCE_SIGNALS/all/D1_1089-134686-0000.wav, -42.54960249965488, -44.45571891905851, -48.46096709554039, -46.878847461456445, -42.3766029636657, -39.39139235024022, -38.01937253696087
/rds/general/user/dtj20/home/signals/NUANCE_SIGNALS/all/P1_1995-1826-0000.wav, -43.48511894280199, -46.250851934203226, -50.65972775643988, -49.69271115059725, -45.95223336221342, -42.6656201975302, -40.86924177886917
/rds/general/user/dtj20/home/signals/NUANCE_SIGNALS/all/P1_1089-134686-0016.wav, -42.69197617633438, -45.5801448373391, -49.77346918597371, -49.40630761882376, -45.52569180994884, -42.75260314870933, -41.47285375557126
/rds/general/user/dtj20/home/signals/NUANCE_SIGNALS/all/P2_3575-170457-0013.wav, -37.707321269970066, -37.56780822235885, -40.6919283938467, -40.53045273352855, -37.70504179660367, -36.28097996530935, -36.20224263414191
/rds/general/user/dtj20/home/signals/NUANCE_SIGNALS/all/P1_3575-170457-0008.wav, -42.855715474511705, -45.253223759583285, -49.424123033709115, -48.52147298295763, -44.45948109342023, -42.07903826953044, -41.44416652271335
/rds/general/user/dtj20/home/signals/NUANCE_SIGNALS/all/D1_1320-122612-0013.wav, -43.16315523739115, -45.78803333981955, -48.68867636305538, -48.769458894191175, -44.98841239548757, -41.522948606793015, -41.22313192749891
/rds/general/user/dtj20/home/signals/NUANCE_SIGNALS/all/P2_1995-1826-0021.wav, -42.252113706813326, -44.48347675611538, -49.218004097422615, -49.143306113558864, -44.75005451658414, -41.74453329615428, -40.12801725980776
/rds/general/user/dtj20/home/signals/NUANCE_SIGNALS/all/P2_237-126133-0008.wav, -41.67787792521796, -43.913763971790765, -48.697591934125725, -47.90769012393678, -43.386641468269865, -40.477180060427415, -38.8766644691454
/rds/general/user/dtj20/home/signals/NUANCE_SIGNALS/all/D2_1995-1826-0000.wav, -44.63193195399353, -47.045856402627265, -51.15402522417427, -50.7500957425714, -46.8683107707702, -43.92164887534924, -42.22975479216393
/rds/general/user/dtj20/home/signals/NUANCE_SIGNALS/all/P2_1580-141083-0000.wav, -43.5332137558557, -44.996986518492896, -47.56175270306264, -46.611511175553666, -43.62621418102439, -42.0335669069003, -42.30524924318078
/rds/general/user/dtj20/home/signals/NUANCE_SIGNALS/all/D2_3575-170457-0001.wav, -36.60307926820591, -39.493231419665065, -44.813517415157484, -43.942445887180895, -39.94389901811506, -37.56998274431816, -36.501832487898234
/rds/general/user/dtj20/home/signals/NUANCE_SIGNALS/all/D2_1580-141083-0013.wav, -33.39222447315092, -35.319968210693965, -40.01250299016277, -38.01197949650791, -32.34760216858333, -28.528815584796305, -26.301424161860076
/rds/general/user/dtj20/home/signals/NUANCE_SIGNALS/all/P1_3575-170457-0013.wav, -41.258088717409834, -42.43467832588461, -46.37813675313802, -47.13344510806769, -43.58443411961697, -39.89894509275989, -38.29570919939483
/rds/general/user/dtj20/home/signals/NUANCE_SIGNALS/all/D2_1580-141083-0008.wav, -41.001721287229536, -43.26998440092399, -47.372288591624525, -46.55046966396894, -43.17451586788082, -41.43073190216693, -41.175787426594994
/rds/general/user/dtj20/home/signals/NUANCE_SIGNALS/all/P2_1995-1826-0017.wav, -40.7759643895636, -43.63737509979111, -48.5894027291889, -47.97424544564387, -43.46738681316428, -40.3356770142556, -38.43167917836364
/rds/general/user/dtj20/home/signals/NUANCE_SIGNALS/all/D1_237-126133-0008.wav, -39.350419280000764, -42.092796715454455, -47.18584734000464, -46.22652674640462, -41.43376578313636, -38.35093718318736, -36.880016803968005
/rds/general/user/dtj20/home/signals/NUANCE_SIGNALS/all/P1_3575-170457-0020.wav, -38.34728830914895, -40.8477759098562, -45.8985849083512, -45.09081483979206, -40.7835378624616, -38.00569449715711, -36.773770735432485
/rds/general/user/dtj20/home/signals/NUANCE_SIGNALS/all/D2_121-121726-0004.wav, -41.474319107109054, -44.059670781521476, -48.594397991519855, -47.434630357817404, -43.53133171610577, -40.78561224561093, -39.32460339659745
/rds/general/user/dtj20/home/signals/NUANCE_SIGNALS/all/D2_3570-5694-0011.wav, -44.619771419090185, -47.16600854665168, -51.54403597014336, -50.60028047777812, -46.5628071262032, -44.011398983540204, -42.53844965186162
/rds/general/user/dtj20/home/signals/NUANCE_SIGNALS/all/D1_3570-5694-0011.wav, -39.992670602672725, -42.48768881064872, -47.04734072320051, -45.85166031879774, -41.68117227513661, -38.28670584179752, -36.67959009432874
/rds/general/user/dtj20/home/signals/NUANCE_SIGNALS/all/P2_2300-131720-0005.wav, -34.330151624407655, -37.347298138174324, -41.74308434758112, -41.38932132064493, -36.839106307675074, -33.81197142860506, -31.905893713826295
/rds/general/user/dtj20/home/signals/NUANCE_SIGNALS/all/P1_121-121726-0007.wav, -42.625107226218404, -44.55701562837547, -48.07602917456916, -47.3835810476637, -44.417477271058715, -42.16661854861516, -41.13697999301681
/rds/general/user/dtj20/home/signals/NUANCE_SIGNALS/all/P1_1089-134686-0008.wav, -34.680135247006795, -37.77631499829394, -43.23589580707449, -41.702544388511186, -36.651562711247024, -33.61450754809774, -31.619701194257
/rds/general/user/dtj20/home/signals/NUANCE_SIGNALS/all/P1_1580-141083-0000.wav, -44.40042715525632, -45.993675805069216, -48.824017237609894, -47.99413042736522, -45.6581083031627, -43.532239790176426, -42.61519162946087
/rds/general/user/dtj20/home/signals/NUANCE_SIGNALS/all/P2_3575-170457-0001.wav, -33.80380580583268, -35.82481766932295, -40.817203610357744, -40.793705838894844, -36.89678611536244, -34.62123103267881, -33.41945870386242
/rds/general/user/dtj20/home/signals/NUANCE_SIGNALS/all/D1_3575-170457-0020.wav, -41.112275647823104, -43.004080286626085, -46.590501376605, -45.47240097536761, -41.5140466522864, -38.60650526501, -37.43415937761495
/rds/general/user/dtj20/home/signals/NUANCE_SIGNALS/all/P1_2300-131720-0005.wav, -31.90873708644063, -35.039792081569026, -40.674826642840515, -40.1151325833606, -35.23573957702052, -31.9812740578466, -30.2185648288227
/rds/general/user/dtj20/home/signals/NUANCE_SIGNALS/all/P2_1320-122612-0001.wav, -38.00275516616939, -39.52043804342946, -42.06151564852416, -40.86038398722869, -39.35304730454811, -37.88608060940757, -36.878873796033
/rds/general/user/dtj20/home/signals/NUANCE_SIGNALS/all/P2_121-121726-0004.wav, -40.20922521233305, -41.53599925144587, -45.658936644384376, -45.319314982350534, -41.98177661288313, -40.35808271122585, -39.98370686091985
/rds/general/user/dtj20/home/signals/NUANCE_SIGNALS/all/D1_2300-131720-0016.wav, -40.71871643956888, -43.08255637769638, -45.41730244708461, -45.66547055355172, -41.94545361606721, -39.662990336785356, -38.46730465742571
/rds/general/user/dtj20/home/signals/NUANCE_SIGNALS/all/P1_1320-122612-0009.wav, -40.38076875607166, -42.16001811033266, -46.38504026635752, -46.54187508496928, -42.74307387483383, -39.835452795413985, -38.193669675375325
/rds/general/user/dtj20/home/signals/NUANCE_SIGNALS/all/D1_3575-170457-0008.wav, -45.118541595769905, -47.05073412310903, -50.539912240821856, -49.30824884954586, -45.94697940409474, -43.708090735697795, -42.62277291365501
/rds/general/user/dtj20/home/signals/NUANCE_SIGNALS/all/P1_237-126133-0006.wav, -40.625907818628555, -42.227218779578095, -47.726855773425065, -45.92513983739788, -41.91783519874049, -38.819024657670475, -38.56619845437813
/rds/general/user/dtj20/home/signals/NUANCE_SIGNALS/all/P1_1320-122612-0012.wav, -39.985280100872, -42.93401529297355, -47.38314807415195, -46.164729524401345, -42.66276648479768, -39.78296181215744, -38.285267695105766
/rds/general/user/dtj20/home/signals/NUANCE_SIGNALS/all/D2_1320-122612-0016.wav, -43.8944462531179, -46.20040335408375, -49.512411415888415, -48.77510474750715, -45.548051582352684, -43.242136169189926, -42.240739640178134
/rds/general/user/dtj20/home/signals/NUANCE_SIGNALS/all/D1_1284-1180-0003.wav, -35.143153877073864, -38.313284663313624, -44.202102945279115, -44.18119445168579, -39.768860229182664, -37.32248634705182, -36.392712909724914
/rds/general/user/dtj20/home/signals/NUANCE_SIGNALS/all/P1_3570-5694-0004.wav, -40.74017385778727, -42.15193964610617, -45.358727394014096, -45.0847649789685, -42.26159750315192, -40.49783536435353, -39.1840335652114
/rds/general/user/dtj20/home/signals/NUANCE_SIGNALS/all/P1_2300-131720-0014.wav, -39.967891307289115, -42.55185225426657, -47.42771748591071, -46.7050071742679, -42.86667833744632, -40.139049194497034, -38.758606249354486
/rds/general/user/dtj20/home/signals/NUANCE_SIGNALS/all/P2_237-126133-0006.wav, -40.41918707606645, -42.01105483322581, -46.07972940630755, -45.52648189554465, -41.92998932241654, -40.08585679610426, -39.60385097984831
/rds/general/user/dtj20/home/signals/NUANCE_SIGNALS/all/D2_237-126133-0001.wav, -43.90503694756059, -45.99879376130176, -50.47616216195329, -49.61241092044908, -46.05837456598732, -44.409560823974616, -44.130021692959936
/rds/general/user/dtj20/home/signals/NUANCE_SIGNALS/all/P1_1995-1826-0009.wav, -41.10012013107902, -43.58527732051727, -47.79886753770839, -45.3434606303624, -40.26784627224138, -37.55433210710808, -37.012102209523405
/rds/general/user/dtj20/home/signals/NUANCE_SIGNALS/all/P2_3570-5694-0012.wav, -39.45259484867361, -41.60290406282015, -46.48028146597147, -45.616704517056334, -41.014291692132346, -38.199592691158564, -36.84541257245119
/rds/general/user/dtj20/home/signals/NUANCE_SIGNALS/all/P2_2300-131720-0013.wav, -21.14458333990452, -24.64960315786717, -30.647589911932293, -29.9603358393762, -24.637682302570024, -21.076883614557097, -18.932624446323583
/rds/general/user/dtj20/home/signals/NUANCE_SIGNALS/all/P2_1284-1180-0017.wav, -38.203272077065726, -41.10316419346337, -46.308172328323295, -45.664333786333415, -41.08475749833644, -37.98964932418119, -36.29756545501617
/rds/general/user/dtj20/home/signals/NUANCE_SIGNALS/all/P2_1995-1826-0009.wav, -41.6438062872761, -44.04139083349996, -48.476996731990035, -48.76145654725342, -44.36027377158433, -41.65526496971723, -39.95361081316885
/rds/general/user/dtj20/home/signals/NUANCE_SIGNALS/all/D1_2300-131720-0008.wav, -38.23079651557177, -40.56824625176055, -45.03483990947015, -42.43925783241649, -37.12941381891988, -34.219964976496875, -33.621185143467024
/rds/general/user/dtj20/home/signals/NUANCE_SIGNALS/all/D2_1320-122612-0001.wav, -40.97104306467251, -43.480549103547325, -47.31297394556446, -46.623868827499095, -43.72190850241144, -41.466439521120584, -40.17255866861489
/rds/general/user/dtj20/home/signals/NUANCE_SIGNALS/all/D1_1580-141083-0000.wav, -44.98239356108847, -46.837742275450864, -49.97719041708463, -49.16245847760706, -46.041640281712894, -43.771727237795076, -42.946237642092825
/rds/general/user/dtj20/home/signals/NUANCE_SIGNALS/all/D2_1089-134686-0022.wav, -44.05882977206687, -45.698043706421544, -49.951062790528155, -49.91433912235352, -46.73895588819971, -44.3499075122768, -42.93552851796193
/rds/general/user/dtj20/home/signals/NUANCE_SIGNALS/all/D1_1995-1826-0000.wav, -45.880732249561696, -48.23641740406841, -51.93171257150581, -50.91455778227588, -47.57540392835716, -45.03900214197969, -43.62202579879022
/rds/general/user/dtj20/home/signals/NUANCE_SIGNALS/all/P2_2300-131720-0016.wav, -37.75634510336341, -39.67770568704, -44.06249281996988, -42.072188092902735, -40.23220696559082, -37.58992270332135, -36.225361715034595
/rds/general/user/dtj20/home/signals/NUANCE_SIGNALS/all/P2_237-126133-0000.wav, -41.929844372994424, -43.38988302463228, -47.305669784448426, -46.95210179175249, -43.76376567811349, -42.02346506431419, -41.442673077198265
/rds/general/user/dtj20/home/signals/NUANCE_SIGNALS/all/D2_237-126133-0008.wav, -46.42345368797674, -48.76634158800728, -52.90255102246566, -52.20944616260971, -48.81858938347094, -46.67716758151709, -45.63816397916202
/rds/general/user/dtj20/home/signals/NUANCE_SIGNALS/all/D1_1284-1180-0017.wav, -42.513352933572364, -45.06739672323335, -49.734314064487315, -48.69867311701856, -44.35258478363028, -41.610371957296834, -40.34989074728475
/rds/general/user/dtj20/home/signals/NUANCE_SIGNALS/all/P1_2300-131720-0008.wav, -41.33080173597112, -43.83868281389388, -48.20917257263812, -47.57878684623332, -43.6931145492435, -41.02131686068247, -39.585882335656116
/rds/general/user/dtj20/home/signals/NUANCE_SIGNALS/all/P1_1284-1180-0014.wav, -38.7938505661498, -41.70371515302398, -47.20579832922144, -46.89948375365557, -42.09497080353713, -39.13893230685037, -37.86189752246899
/rds/general/user/dtj20/home/signals/NUANCE_SIGNALS/all/D2_237-126133-0006.wav, -42.74031488927339, -44.96108587245344, -49.34320619437546, -48.6357841999369, -44.97682133518381, -43.307888301449175, -42.96813016999721
/rds/general/user/dtj20/home/signals/NUANCE_SIGNALS/all/D1_1580-141083-0013.wav, -40.77184674369601, -41.69568047767464, -44.01828036216163, -44.238117516707476, -40.77623381662157, -38.29686065540161, -37.679043588216985
/rds/general/user/dtj20/home/signals/NUANCE_SIGNALS/all/D2_3570-5694-0014.wav, -39.156490627854915, -40.48038295576959, -44.42588417250893, -43.490717627945315, -39.71492620474396, -38.79940711564166, -39.591914143399826
/rds/general/user/dtj20/home/signals/NUANCE_SIGNALS/all/D1_1580-141083-0014.wav, -43.455437254920774, -44.56695252167699, -46.57094513439745, -45.405149498736996, -42.71282873866265, -41.174649877861654, -40.119305500116596
/rds/general/user/dtj20/home/signals/NUANCE_SIGNALS/all/P1_237-126133-0001.wav, -43.14646902871932, -45.39864883309445, -50.050650267213896, -49.47447232857385, -45.55781797273271, -43.225128595968975, -42.36775437580007
/rds/general/user/dtj20/home/signals/NUANCE_SIGNALS/all/P2_1580-141083-0004.wav, -41.48147101047198, -43.04860130628779, -46.80976490696415, -46.2327789804914, -43.09572037200783, -41.36175176129755, -41.373585029843554
/rds/general/user/dtj20/home/signals/NUANCE_SIGNALS/all/D1_3570-5694-0005.wav, -40.812885134869596, -43.704576731490114, -48.1999694006914, -46.82934956248892, -42.98277742511691, -40.93999815517581, -39.83753625165335
/rds/general/user/dtj20/home/signals/NUANCE_SIGNALS/all/P1_237-126133-0007.wav, -42.57629435125928, -44.34078362471101, -48.364269828651004, -47.8561721230239, -43.95150496801857, -41.232909073321906, -40.1902908691725
/rds/general/user/dtj20/home/signals/NUANCE_SIGNALS/all/D2_1580-141083-0014.wav, -34.792406760183255, -38.019699086806455, -43.47453822115697, -44.877137797382076, -42.19103609780764, -40.400802035717085, -38.30669049782208
/rds/general/user/dtj20/home/signals/NUANCE_SIGNALS/all/P1_1089-134686-0022.wav, -41.87205346648958, -44.42976075547661, -48.18506528493589, -48.0686334254327, -44.04193717658407, -41.23850478401511, -40.104032486082474
/rds/general/user/dtj20/home/signals/NUANCE_SIGNALS/all/D2_1320-122612-0012.wav, -44.451593777417855, -46.83120993444935, -50.673030454321946, -49.84714618614977, -46.22815192561502, -43.91382060872984, -42.64771314368275
/rds/general/user/dtj20/home/signals/NUANCE_SIGNALS/all/P2_1995-1826-0000.wav, -41.607098151530565, -44.64998652547821, -49.89944641825217, -49.52588570570473, -44.908942473968274, -41.85273616331267, -40.040326290771816
/rds/general/user/dtj20/home/signals/NUANCE_SIGNALS/all/D1_1089-134686-0016.wav, -46.6535662205913, -48.557350675417396, -52.07278991757475, -50.91328335421564, -47.41117078832637, -45.07778230343732, -43.90582615089646
/rds/general/user/dtj20/home/signals/NUANCE_SIGNALS/all/P1_1320-122612-0013.wav, -42.416879108903785, -45.134773976221226, -48.71879670238475, -47.665405126005595, -44.68272411678237, -41.94725475229206, -40.435388385145984
/rds/general/user/dtj20/home/signals/NUANCE_SIGNALS/all/P2_1089-134686-0016.wav, -43.61308926419916, -45.02022462083799, -49.07558402458433, -48.24044037609764, -44.662442624115315, -42.99739044850209, -42.78918363699355
/rds/general/user/dtj20/home/signals/NUANCE_SIGNALS/all/P1_1580-141083-0013.wav, -22.981430843487672, -25.87177404643669, -31.619030756592437, -30.883652290741082, -25.22509546801428, -21.663621398574733, -19.361561115189033
/rds/general/user/dtj20/home/signals/NUANCE_SIGNALS/all/P1_1284-1180-0017.wav, -41.77967712742995, -44.477415688084, -49.474018673768036, -48.776345650012836, -44.58009250752091, -41.645273380891155, -40.25033840358639
/rds/general/user/dtj20/home/signals/NUANCE_SIGNALS/all/P2_1580-141083-0013.wav, -35.20490839266282, -37.22022052935048, -41.29272635244743, -40.02310220460647, -35.619567594065494, -33.034404484418936, -32.465458924574314
/rds/general/user/dtj20/home/signals/NUANCE_SIGNALS/all/P2_121-121726-0003.wav, -36.833376130743034, -38.537059652748226, -42.24976927655439, -42.0956835733935, -39.44044542997815, -37.91131207103064, -37.625590837826614
/rds/general/user/dtj20/home/signals/NUANCE_SIGNALS/all/P1_2300-131720-0013.wav, -39.92793539386113, -42.49713635141931, -46.62321635636466, -44.66782937612494, -40.29348583331163, -37.86964777767097, -37.40534488062319
/rds/general/user/dtj20/home/signals/NUANCE_SIGNALS/all/D1_237-126133-0001.wav, -45.18714220195969, -46.67174586016977, -49.88179185070343, -48.45667980124968, -44.65593301687606, -42.18118685010858, -41.20884041749254
/rds/general/user/dtj20/home/signals/NUANCE_SIGNALS/all/P1_1580-141083-0014.wav, -37.91802174625177, -40.22924318609418, -43.87693563143651, -42.383246592353544, -40.33539227121211, -37.52648205865147, -36.142072416035795
/rds/general/user/dtj20/home/signals/NUANCE_SIGNALS/all/D2_1580-141083-0004.wav, -42.65374495184944, -45.39642543778917, -50.273862266938124, -50.29969488442637, -47.532573713662316, -45.9457167013169, -44.69889430537782
/rds/general/user/dtj20/home/signals/NUANCE_SIGNALS/all/P1_1284-1180-0011.wav, -34.097111616515186, -36.86537304469812, -42.20976304652328, -41.67421452914341, -37.342908198379845, -34.71704895885253, -33.60409126582878
/rds/general/user/dtj20/home/signals/NUANCE_SIGNALS/all/P2_237-126133-0001.wav, -41.30046675423313, -43.139892454825805, -46.81605398767941, -46.473143574872665, -43.24777383234631, -41.53063034599447, -41.530582016078164
/rds/general/user/dtj20/home/signals/NUANCE_SIGNALS/all/D2_121-121726-0009.wav, -41.58961992595401, -43.586339645107074, -47.3795393679825, -45.831376251228875, -42.986986615326714, -41.95558850152841, -40.76356837050539
/rds/general/user/dtj20/home/signals/NUANCE_SIGNALS/all/D1_121-121726-0003.wav, -40.99779479048838, -43.36440674254987, -46.583969568825296, -44.70488230540053, -40.61312717968194, -37.709793968456694, -36.39959471485904
/rds/general/user/dtj20/home/signals/NUANCE_SIGNALS/all/P1_1995-1826-0021.wav, -42.13403574947017, -45.073852845908846, -49.83984446007654, -49.32823592369732, -45.045050418173204, -41.90711792099062, -40.159094625765086
/rds/general/user/dtj20/home/signals/NUANCE_SIGNALS/all/P1_237-126133-0000.wav, -42.05199278574831, -42.937870998048, -44.645410100853134, -42.10444703684346, -39.48501531732233, -40.079213161459045, -41.412462527258576
/rds/general/user/dtj20/home/signals/NUANCE_SIGNALS/all/D2_2300-131720-0014.wav, -41.16946940140237, -44.217359307820175, -48.470336053264106, -46.61715669390777, -42.48906290373959, -40.608062722025565, -40.00604210526147
/rds/general/user/dtj20/home/signals/NUANCE_SIGNALS/all/D1_1580-141083-0008.wav, -43.905088292035245, -46.048292257266795, -48.942181223387855, -47.95954139953202, -44.71654179586787, -42.25797031223206, -41.58091507413207
/rds/general/user/dtj20/home/signals/NUANCE_SIGNALS/all/P1_3570-5694-0012.wav, -39.79568014382901, -42.57522196066301, -47.77385590659176, -46.868020537543345, -42.19940587409599, -39.59748030752032, -38.65540335299626
/rds/general/user/dtj20/home/signals/NUANCE_SIGNALS/all/D1_1995-1826-0017.wav, -44.00725725119769, -46.49435100425861, -50.750635498488855, -50.0330458664495, -46.25784626972498, -43.556826012770486, -42.08653641459507
/rds/general/user/dtj20/home/signals/NUANCE_SIGNALS/all/D1_2300-131720-0005.wav, -40.25305735024588, -42.46687237434951, -45.97054313592275, -45.25472677891294, -41.514285149489226, -38.55769398045303, -37.08437714964266
/rds/general/user/dtj20/home/signals/NUANCE_SIGNALS/all/P2_121-121726-0000.wav, -36.098251351708946, -38.042974991092706, -42.96103261310818, -42.71229853519341, -38.51439143747906, -36.253555149221675, -35.459529864155755
/rds/general/user/dtj20/home/signals/NUANCE_SIGNALS/all/P1_2300-131720-0016.wav, -40.88569285284961, -43.21558298769568, -47.46889359669626, -45.388065570854145, -41.433901942323686, -39.880515752056795, -38.51518118194252
/rds/general/user/dtj20/home/signals/NUANCE_SIGNALS/all/P1_121-121726-0009.wav, -39.58871916206613, -42.23102961066763, -47.249058431668054, -46.687314923780214, -42.62656755905688, -40.599148546464605, -40.37204711085452
/rds/general/user/dtj20/home/signals/NUANCE_SIGNALS/all/D2_121-121726-0000.wav, -42.93987660899555, -45.06678683673675, -49.26191143336028, -48.25330197606974, -44.525248289653376, -42.523620875746325, -41.83014745815331
/rds/general/user/dtj20/home/signals/NUANCE_SIGNALS/all/P1_1089-134686-0000.wav, -41.71935200123166, -44.94623574423834, -49.1798694078399, -46.294634886161404, -40.98198241395373, -38.31176992433798, -38.24676565715669
/rds/general/user/dtj20/home/signals/NUANCE_SIGNALS/all/D1_1284-1180-0011.wav, -35.283990654290804, -38.03266218203823, -43.04456166732691, -42.02028043492169, -37.229620594489276, -34.09604350572012, -32.637236406289034
/rds/general/user/dtj20/home/signals/NUANCE_SIGNALS/all/D1_1320-122612-0012.wav, -44.20910841783376, -45.944489553173646, -48.820992040692495, -48.188249820442906, -45.69407292135679, -42.98969596637292, -41.094943202793715
/rds/general/user/dtj20/home/signals/NUANCE_SIGNALS/all/P1_121-121726-0003.wav, -38.84244154553217, -40.92073707022831, -45.13158139393991, -44.642493049523644, -40.705526572650086, -38.243726482841524, -37.223587194030536
/rds/general/user/dtj20/home/signals/NUANCE_SIGNALS/all/D2_3570-5694-0004.wav, -43.87661252862709, -46.47394721901561, -50.664151095348366, -49.85223290737259, -45.73835280262311, -43.10853856120181, -41.67199354219267
/rds/general/user/dtj20/home/signals/NUANCE_SIGNALS/all/D2_1320-122612-0009.wav, -41.23571403009312, -44.12274227109046, -48.604838596780326, -48.24987426079378, -43.79809508811502, -40.943880678112244, -39.27846876373969
/rds/general/user/dtj20/home/signals/NUANCE_SIGNALS/all/D2_121-121726-0007.wav, -42.558029313756194, -44.70255868023066, -48.517388733630504, -46.57115574634744, -43.05866242193724, -42.002125025917074, -42.02097739909543
/rds/general/user/dtj20/home/signals/NUANCE_SIGNALS/all/D1_3570-5694-0004.wav, -40.14995768621056, -42.879882265647254, -47.17556757869395, -44.894081696281106, -39.84401670400239, -36.59210236318781, -35.78589588105741
/rds/general/user/dtj20/home/signals/NUANCE_SIGNALS/all/D2_1284-1180-0001.wav, -41.665382573993604, -44.27363629359567, -48.88924374438797, -47.542516264294605, -43.112391038453914, -40.68339940471479, -39.818837693069874
/rds/general/user/dtj20/home/signals/NUANCE_SIGNALS/all/D1_237-126133-0006.wav, -42.45086756598823, -44.689616626645304, -48.66917797020115, -47.83659070111347, -43.81657676867684, -41.22558852224407, -40.260389425784275
/rds/general/user/dtj20/home/signals/NUANCE_SIGNALS/all/D2_237-126133-0007.wav, -42.91031537409704, -44.84326820354006, -48.20177109115644, -47.16770856335852, -44.77426959729368, -43.299878861273655, -42.787648097507855
/rds/general/user/dtj20/home/signals/NUANCE_SIGNALS/all/P1_3570-5694-0011.wav, -40.00927648172816, -43.00141074856525, -48.124268177900824, -47.665571535414685, -42.75205918908232, -39.49065993902229, -37.706062646745714
/rds/general/user/dtj20/home/signals/NUANCE_SIGNALS/all/P2_1320-122612-0012.wav, -40.575275916955036, -43.08722054273218, -47.01832817896093, -46.31502681940209, -43.43448871318823, -41.13630227845282, -39.792364241621
/rds/general/user/dtj20/home/signals/NUANCE_SIGNALS/all/P2_2300-131720-0014.wav, -37.75998214274208, -39.45548713081084, -39.46720271904635, -37.09522313954755, -37.869373399171444, -37.06416573996924, -38.069230993929594
/rds/general/user/dtj20/home/signals/NUANCE_SIGNALS/all/P2_121-121726-0009.wav, -39.95391736817261, -41.81896183385142, -45.41696184745153, -45.10876527327539, -42.21646801763438, -40.34801987227921, -40.16978263950178
/rds/general/user/dtj20/home/signals/NUANCE_SIGNALS/all/P2_3570-5694-0004.wav, -40.21127029891786, -40.59561466498613, -44.600279638777565, -38.43792006429453, -41.40362915481154, -40.76434331060927, -38.346271155294616
/rds/general/user/dtj20/home/signals/NUANCE_SIGNALS/all/D1_1089-134686-0004.wav, -39.76471696746869, -41.052553988701646, -44.153915874432464, -42.904286655515534, -40.057079095021074, -38.38375783922099, -37.422463054753315
/rds/general/user/dtj20/home/signals/NUANCE_SIGNALS/all/P2_3570-5694-0005.wav, -34.92690999889388, -37.70230194671306, -44.15200144731419, -42.463610926007426, -38.23322455977197, -34.742790637545504, -32.663379686155245
/rds/general/user/dtj20/home/signals/NUANCE_SIGNALS/all/D2_1320-122612-0013.wav, -43.65475716420186, -46.110438381281035, -49.16835337365149, -49.64976789659349, -46.64704625224546, -44.21694833344517, -42.827742138284094
/rds/general/user/dtj20/home/signals/NUANCE_SIGNALS/all/P2_3575-170457-0008.wav, -41.1472524490118, -42.70499076304457, -46.897625437202954, -45.95451194692659, -41.920986531005966, -39.56457214473367, -38.5539402652345
/rds/general/user/dtj20/home/signals/NUANCE_SIGNALS/all/D2_3570-5694-0012.wav, -41.99346264484889, -44.604759407571386, -50.10192747598041, -49.058369339136675, -44.326538578552224, -41.40139818301762, -39.80125624915481
/rds/general/user/dtj20/home/signals/NUANCE_SIGNALS/all/D1_3575-170457-0001.wav, -42.15936735003062, -44.46478173330255, -48.18872965252771, -46.81372685215316, -42.95673617999037, -40.37735241635807, -39.458898879384115
/rds/general/user/dtj20/home/signals/NUANCE_SIGNALS/all/P2_1284-1180-0011.wav, -31.372439706367707, -33.170514915396076, -37.79993294069727, -36.09235932293771, -31.130511319945356, -29.010254401477937, -28.714718254026014
/rds/general/user/dtj20/home/signals/NUANCE_SIGNALS/all/P1_1320-122612-0001.wav, -38.37939314528295, -40.48518212275216, -43.64735802989344, -43.33089547823558, -40.42872831926415, -37.700445781225795, -36.41831569586203
/rds/general/user/dtj20/home/signals/NUANCE_SIGNALS/all/D1_237-126133-0000.wav, -35.488514118263424, -37.85492144974908, -42.85895035876425, -41.207959890081526, -35.78077760180778, -32.336175334121485, -30.598777111732907
/rds/general/user/dtj20/home/signals/NUANCE_SIGNALS/all/D2_1995-1826-0017.wav, -42.809647736409005, -45.378745557582825, -49.85610442381124, -48.88914045197696, -44.6319740525564, -41.42490196151804, -39.47262349154624
/rds/general/user/dtj20/home/signals/NUANCE_SIGNALS/all/D1_121-121726-0009.wav, -42.595442918566945, -44.797170387964506, -47.7445725464363, -44.75893270294017, -40.217339642607364, -38.28949203421923, -38.41137420962316
/rds/general/user/dtj20/home/signals/NUANCE_SIGNALS/all/D2_2300-131720-0013.wav, -38.030444365664906, -39.95871445909634, -44.33494968322749, -43.642247045718264, -40.17447315068318, -39.14720187104273, -39.462971939261074
/rds/general/user/dtj20/home/signals/NUANCE_SIGNALS/all/P2_1089-134686-0008.wav, -41.64832295286157, -44.429552481919856, -49.22695889487927, -47.92895046921437, -44.354796228071116, -42.17853435414134, -40.95496804867662
/rds/general/user/dtj20/home/signals/NUANCE_SIGNALS/all/P2_3570-5694-0011.wav, -37.547071865237925, -43.68503417435907, -44.79655554287348, -43.820453866212716, -41.94583361328235, -40.6753407142707, -38.86159085487164
/rds/general/user/dtj20/home/signals/NUANCE_SIGNALS/all/P2_1284-1180-0003.wav, -31.799739271572825, -34.980045371986414, -40.97352505820805, -41.360718295465205, -37.14236933502225, -34.96415796376923, -34.602689482879406
/rds/general/user/dtj20/home/signals/NUANCE_SIGNALS/all/P1_1284-1180-0001.wav, -37.90412069540179, -40.67851869741566, -45.491689741692774, -44.97023690623493, -40.38176255664525, -37.65867928623963, -36.546593586171795
/rds/general/user/dtj20/home/signals/NUANCE_SIGNALS/all/D2_1284-1180-0014.wav, -42.86932049329478, -45.56830476106285, -50.45381244008059, -49.491421891447956, -44.762159672664026, -41.60715599416457, -39.83891348738929
/rds/general/user/dtj20/home/signals/NUANCE_SIGNALS/all/D2_1089-134686-0004.wav, -41.61676410620626, -44.06534448129037, -48.680309576729485, -47.00960434700772, -43.13989836096064, -41.06332391329478, -39.60336348020374
/rds/general/user/dtj20/home/signals/NUANCE_SIGNALS/all/P2_237-126133-0007.wav, -38.69880309415909, -39.093264615755466, -42.80006178026116, -41.8364191105567, -38.40488556552625, -37.482574404914565, -38.172488330145654
/rds/general/user/dtj20/home/signals/NUANCE_SIGNALS/all/P2_1320-122612-0016.wav, -41.443795410669786, -43.354963808371785, -47.217785777618786, -46.527371285891576, -43.139927167322426, -41.174654732266276, -40.19435183603637
/rds/general/user/dtj20/home/signals/NUANCE_SIGNALS/all/D2_2300-131720-0005.wav, -37.244537121568214, -40.16571482715756, -45.370723144865, -44.356362781593226, -39.68439616587113, -36.65903941413431, -34.91215470585787
/rds/general/user/dtj20/home/signals/NUANCE_SIGNALS/all/P2_1284-1180-0014.wav, -39.60963227518858, -42.22472292122721, -47.054886958979495, -46.16836783431586, -41.446183138648024, -38.296939585594025, -36.653031260407374
/rds/general/user/dtj20/home/signals/NUANCE_SIGNALS/all/D2_1284-1180-0003.wav, -38.728932277468296, -41.307455590157545, -46.53835912446948, -45.53914582576816, -40.529573227351314, -37.422993637363696, -35.995802180980625
/rds/general/user/dtj20/home/signals/NUANCE_SIGNALS/all/D1_1284-1180-0014.wav, -41.852635787265264, -44.6195667274372, -49.572775783180916, -48.7869007837515, -44.353525397048216, -41.472446394603175, -40.00378697080001
/rds/general/user/dtj20/home/signals/NUANCE_SIGNALS/all/P1_1284-1180-0003.wav, -35.34932631658871, -38.49111935447042, -44.41547320933615, -44.527167053818545, -40.10012948575501, -37.674868046510106, -36.86326399979071
/rds/general/user/dtj20/home/signals/NUANCE_SIGNALS/all/P2_3575-170457-0020.wav, -37.79623397038244, -39.860141340702754, -44.593994801894894, -43.848516950419274, -39.424888236289775, -36.981479672067735, -36.275313661197394
/rds/general/user/dtj20/home/signals/NUANCE_SIGNALS/all/D2_2300-131720-0016.wav, -41.9353879774662, -44.47909402501078, -48.64595610938311, -47.700078407815276, -43.91903864014608, -41.73753534958284, -40.636858685191505
/rds/general/user/dtj20/home/signals/NUANCE_SIGNALS/all/D2_1995-1826-0009.wav, -44.944537103727676, -47.54110972700208, -51.62856790528185, -50.950870471825176, -47.32942093142874, -44.89322887927201, -43.46123408057879
/rds/general/user/dtj20/home/signals/NUANCE_SIGNALS/all/D2_3570-5694-0005.wav, -44.76300705416286, -47.42434320561301, -52.18925351737867, -51.28526193368717, -47.24562020060728, -44.80420784555128, -43.42943109185789
/rds/general/user/dtj20/home/signals/NUANCE_SIGNALS/all/P2_1089-134686-0000.wav, -40.57858656415646, -42.30961672254654, -46.7487011203011, -45.84838452215263, -41.90597396081631, -39.72030113044218, -38.72524749021197
/rds/general/user/dtj20/home/signals/NUANCE_SIGNALS/all/P1_1580-141083-0008.wav, -41.43499031688375, -43.73688858194665, -47.67932823801524, -46.04978624431378, -42.00111296093524, -39.5562233217743, -38.95556516519789
/rds/general/user/dtj20/home/signals/NUANCE_SIGNALS/all/P2_121-121726-0007.wav, -41.075356417844176, -42.75735733444119, -46.26031973810462, -45.696080452892545, -43.16635804834789, -41.40149624599669, -40.5560159857792
/rds/general/user/dtj20/home/signals/NUANCE_SIGNALS/all/D1_2300-131720-0014.wav, -44.17436300795337, -46.36216195228425, -50.06285335918463, -48.97294030937647, -45.1827192305814, -42.631314199907955, -41.38617077184617
/rds/general/user/dtj20/home/signals/NUANCE_SIGNALS/all/P1_237-126133-0008.wav, -46.182643325343804, -48.49290097672, -53.129456686618255, -52.552022405386424, -48.62661047762934, -46.29511702759598, -45.28127090168865
/rds/general/user/dtj20/home/signals/NUANCE_SIGNALS/all/D2_3575-170457-0008.wav, -44.30266615580884, -45.80275058908121, -47.362207451184126, -49.16184782538359, -45.58032956800759, -43.63487342276613, -42.62648845195426
/rds/general/user/dtj20/home/signals/NUANCE_SIGNALS/all/D2_3575-170457-0013.wav, -43.23433530813198, -45.61908383317032, -49.91742603613083, -49.43422308855549, -45.76478753238522, -43.563386586353836, -42.60836029050672
/rds/general/user/dtj20/home/signals/NUANCE_SIGNALS/all/P1_1089-134686-0004.wav, -37.541400670381286, -40.27764967710847, -45.641618802252054, -44.95115415683073, -40.336735972908414, -37.670515453912664, -36.7102826176142
/rds/general/user/dtj20/home/signals/NUANCE_SIGNALS/all/D1_121-121726-0004.wav, -37.46332948411374, -40.48227410407998, -45.89866196178377, -44.78360701845611, -40.0849499967001, -37.195844348266014, -35.862630748333245
/rds/general/user/dtj20/home/signals/NUANCE_SIGNALS/all/D1_1995-1826-0021.wav, -46.128783247373775, -48.09310384668514, -52.23953234995328, -51.02199616522971, -47.73525780601895, -45.16753412480925, -43.51811572514221
/rds/general/user/dtj20/home/signals/NUANCE_SIGNALS/all/P1_3570-5694-0005.wav, -45.34833413123283, -47.7448981853187, -51.41883181087502, -50.87186319391676, -47.11834662010961, -44.83314113855037, -43.309899014857805
/rds/general/user/dtj20/home/signals/NUANCE_SIGNALS/all/D2_1284-1180-0017.wav, -41.37560456882281, -43.95882269882562, -49.09657485470003, -48.79486704859058, -44.89696113701712, -42.089759045390096, -41.05277807060824
/rds/general/user/dtj20/home/signals/NUANCE_SIGNALS/all/D2_1089-134686-0008.wav, -44.80003403653194, -47.419828407789794, -51.3648883157385, -50.692191314216466, -46.45499537265236, -44.047837383976905, -42.874543510943894
/rds/general/user/dtj20/home/signals/NUANCE_SIGNALS/all/D1_2300-131720-0013.wav, -42.17837732750715, -44.19925508486459, -47.5947423464634, -46.26842046327756, -42.86558915346482, -40.452573701670545, -39.73326957582335
/rds/general/user/dtj20/home/signals/NUANCE_SIGNALS/all/D1_3575-170457-0013.wav, -40.79694492117689, -43.264480045218214, -47.21222395445296, -46.762436898383164, -42.486149713793544, -39.74970118862148, -38.667851341546154
/rds/general/user/dtj20/home/signals/NUANCE_SIGNALS/all/D2_1995-1826-0021.wav, -43.438351066585035, -46.15334414602426, -50.7372948620263, -50.1941416900565, -46.31694282636607, -43.360192081535295, -41.70398302069022
/rds/general/user/dtj20/home/signals/NUANCE_SIGNALS/all/D1_1320-122612-0001.wav, -40.16760667407232, -42.2255689197597, -44.99680848387348, -43.35394393286364, -40.869308105696895, -37.892469706662084, -36.79484068123764
/rds/general/user/dtj20/home/signals/NUANCE_SIGNALS/all/P1_121-121726-0000.wav, -39.781219831304675, -41.97511630079227, -46.52516996693981, -46.2714987245069, -41.96483089752498, -39.00560848094496, -37.83593665510109
/rds/general/user/dtj20/home/signals/NUANCE_SIGNALS/all/D1_121-121726-0007.wav, -40.126544367007575, -42.595299956893776, -46.66764528869677, -45.41167744313334, -41.83088042228618, -39.58563952037882, -38.5722603287782
/rds/general/user/dtj20/home/signals/NUANCE_SIGNALS/all/P2_1089-134686-0022.wav, -39.993231627261146, -41.95668774500214, -46.71637538536291, -46.38653344427211, -42.55229631087194, -40.536075130436366, -39.98295322120385
/rds/general/user/dtj20/home/signals/NUANCE_SIGNALS/all/D1_1089-134686-0008.wav, -45.98429002625923, -48.04543872935924, -51.84819781325218, -50.64948524651623, -46.73327965719642, -43.926412423349326, -42.52819519643245
/rds/general/user/dtj20/home/signals/NUANCE_SIGNALS/all/D1_1089-134686-0022.wav, -44.00961793856613, -46.212755612997405, -49.926729323686544, -49.337110119230196, -45.234325369993435, -42.71626088926999, -41.57045744227406
/rds/general/user/dtj20/home/signals/NUANCE_SIGNALS/all/D1_1320-122612-0016.wav, -45.6477227691787, -47.6943754256165, -50.853638193868036, -49.52121653848298, -46.16125430137241, -43.52871830986125, -42.59045758845442
/rds/general/user/dtj20/home/signals/NUANCE_SIGNALS/all/P2_3575-170457-0000.wav, -37.88518799048035, -39.82622058250755, -44.406481554597136, -43.82721007536266, -39.81389525230522, -37.65766003232456, -36.884819089130616
/rds/general/user/dtj20/home/signals/NUANCE_SIGNALS/all/D2_237-126133-0000.wav, -45.86227847812335, -47.51163657872557, -51.12772506134792, -50.35929139587687, -47.1841408945166, -45.47362648529088, -44.8513243448015
/rds/general/user/dtj20/home/signals/NUANCE_SIGNALS/all/D2_3575-170457-0000.wav, -39.632881930813994, -41.73808940265082, -45.4413072272484, -45.78944025547605, -41.57014837117576, -39.27628932639514, -37.868620206976246
/rds/general/user/dtj20/home/signals/NUANCE_SIGNALS/all/D1_3570-5694-0014.wav, -41.37189472310786, -44.05281383805696, -47.86893108327778, -46.03713932828586, -42.52384517085873, -40.72530961889717, -39.34614866643268
/rds/general/user/dtj20/home/signals/NUANCE_SIGNALS/all/D2_121-121726-0003.wav, -36.419944884935795, -36.05272305378496, -36.8084152247432, -38.31390717184688, -39.173045267382136, -35.73495048700531, -38.28686062521498
