/rds/general/user/dtj20/home/signals/NUANCE_SIGNALS/all/P1_1320-122612-0016.wav, -43.98502041587511, -46.36532766343962, -49.58471690853035, -48.86850910287847, -45.78417737848344, -43.336246320794814, -42.33908033719386
/rds/general/user/dtj20/home/signals/NUANCE_SIGNALS/all/D1_3575-170457-0000.wav, -39.440300640179665, -42.05190222131545, -46.784571984057365, -45.10771997990253, -41.42832949584169, -38.65736951064819, -37.59308288847035
/rds/general/user/dtj20/home/signals/NUANCE_SIGNALS/all/D2_1089-134686-0016.wav, -46.19621872970182, -48.315067848796616, -52.03838416776291, -51.46791184886612, -48.30371345825238, -46.203865134126275, -45.12134879310942
/rds/general/user/dtj20/home/signals/NUANCE_SIGNALS/all/D1_121-121726-0000.wav, -40.517680268689006, -43.29276175361726, -46.90863230918508, -45.37411729432843, -41.51819609754304, -38.7119428650913, -37.662848838330106
/rds/general/user/dtj20/home/signals/NUANCE_SIGNALS/all/P2_1284-1180-0001.wav, -38.315162995962154, -40.64172273416483, -45.62044224581852, -44.75149664834409, -40.20956066766083, -37.65305918119375, -36.51777594817071
/rds/general/user/dtj20/home/signals/NUANCE_SIGNALS/all/P1_3570-5694-0014.wav, -36.942401532951166, -39.83474197493266, -45.086317765853146, -44.40187426253977, -39.86482170430997, -37.08376779676407, -36.122244693727716
/rds/general/user/dtj20/home/signals/NUANCE_SIGNALS/all/D1_1284-1180-0001.wav, -41.63509183985071, -44.25076581786938, -49.14890109269038, -48.16569733499699, -43.528368432993894, -40.53737936118924, -39.14082166233634
/rds/general/user/dtj20/home/signals/NUANCE_SIGNALS/all/P1_121-121726-0004.wav, -37.139702006217576, -39.82249678503515, -45.03316861743478, -43.68632366937456, -40.613952704152766, -37.94426562143559, -36.55293520719694
/rds/general/user/dtj20/home/signals/NUANCE_SIGNALS/all/D1_1320-122612-0009.wav, -40.459546935118624, -42.995734967826905, -47.76605380754097, -47.11134854582241, -42.525441645618855, -39.6491106242735, -38.39554430961581
/rds/general/user/dtj20/home/signals/NUANCE_SIGNALS/all/P1_3575-170457-0001.wav, -40.11972120480606, -42.25772711298735, -46.46160023881379, -46.34099658599362, -42.441118649089034, -39.80716868320399, -38.87692111752446
/rds/general/user/dtj20/home/signals/NUANCE_SIGNALS/all/D2_1995-1826-0015.wav, -41.74890888295272, -44.540361411453084, -49.56835111287627, -48.91453125560717, -44.74824500018572, -41.78035407654495, -40.04811959471266
/rds/general/user/dtj20/home/signals/NUANCE_SIGNALS/all/P2_2300-131720-0008.wav, -37.442350911227365, -40.22490941941168, -44.985364213960366, -44.21190194206738, -40.02239892343954, -37.045563241083336, -35.19472291078758
/rds/general/user/dtj20/home/signals/NUANCE_SIGNALS/all/D2_1580-141083-0000.wav, -44.73270427001003, -46.681003713009034, -49.88520643013639, -48.76258716724398, -46.000674694757734, -44.75996615485553, -44.4823333012834
/rds/general/user/dtj20/home/signals/NUANCE_SIGNALS/all/P1_1580-141083-0004.wav, -43.68995117162676, -45.53739971187129, -47.70166753670342, -48.032559002505025, -46.295405793005244, -44.179318331419715, -43.18210276232002
/rds/general/user/dtj20/home/signals/NUANCE_SIGNALS/all/D1_1580-141083-0004.wav, -44.92410422974775, -47.08154231701086, -50.1932219981608, -47.65837768500903, -44.49464229156278, -43.064485211418656, -42.75851994909806
/rds/general/user/dtj20/home/signals/NUANCE_SIGNALS/all/D2_1284-1180-0011.wav, -36.82286388690558, -39.35488696737544, -44.2803948420313, -43.35814980796842, -38.68832598363153, -35.7745974661257, -34.477986962277704
/rds/general/user/dtj20/home/signals/NUANCE_SIGNALS/all/P2_1580-141083-0014.wav, -38.10960827004476, -39.852618557916436, -43.456382386260685, -42.67773331665271, -40.0000902627442, -38.14192914652143, -37.65979661244532
/rds/general/user/dtj20/home/signals/NUANCE_SIGNALS/all/P2_1320-122612-0013.wav, -41.34995798779692, -43.73460778941742, -47.49319017654479, -46.5591793844947, -43.619187474785114, -41.211288963762826, -39.49838322145683
/rds/general/user/dtj20/home/signals/NUANCE_SIGNALS/all/D2_1089-134686-0000.wav, -43.16781367200201, -46.08832002016015, -49.569336179258194, -44.84809615962995, -43.566448912252945, -44.00849185516928, -42.198905498217336
/rds/general/user/dtj20/home/signals/NUANCE_SIGNALS/all/P2_1320-122612-0009.wav, -37.510588874227324, -40.270648557836275, -45.44802995580457, -44.8609331994578, -40.328568363142836, -37.46218508370301, -35.86485497717184
/rds/general/user/dtj20/home/signals/NUANCE_SIGNALS/all/P1_1995-1826-0015.wav, -43.10933763925065, -45.473406376468304, -50.33759378464194, -49.782197276025386, -45.90434658952372, -43.2096882020722, -42.31955402064707
/rds/general/user/dtj20/home/signals/NUANCE_SIGNALS/all/P1_3575-170457-0000.wav, -38.386596519266185, -40.943996525700854, -45.52996022714021, -43.87399101062908, -39.4909027037215, -37.3278133359342, -37.051445463675684
/rds/general/user/dtj20/home/signals/NUANCE_SIGNALS/all/P2_3570-5694-0014.wav, -39.651817114766665, -40.90265919176705, -44.83332210810137, -43.95061551240721, -40.269178191104174, -38.60591117340031, -37.864190036670465
/rds/general/user/dtj20/home/signals/NUANCE_SIGNALS/all/P2_1089-134686-0004.wav, -37.28152971329551, -38.659108712466214, -43.13390312808661, -42.870086575482205, -39.180138801883956, -37.548077154885206, -37.126014199610026
/rds/general/user/dtj20/home/signals/NUANCE_SIGNALS/all/P2_1580-141083-0008.wav, -40.62809463782668, -42.14966890482912, -43.55411212261569, -42.21947923924561, -41.326245545271206, -41.036092259406004, -40.57051706387231
/rds/general/user/dtj20/home/signals/NUANCE_SIGNALS/all/D2_3575-170457-0020.wav, -41.22635508261773, -43.568543372126875, -48.192492456742535, -46.61009431505916, -42.87288711850408, -40.466709266799256, -39.647808233625895
/rds/general/user/dtj20/home/signals/NUANCE_SIGNALS/all/D2_2300-131720-0008.wav, -42.70219668191112, -45.405375145313045, -48.64649538339127, -46.36816739211998, -43.34749530195195, -42.095994266711465, -41.032917795034855
/rds/general/user/dtj20/home/signals/NUANCE_SIGNALS/all/P2_1995-1826-0015.wav, -38.2204741982271, -40.88695694280748, -46.01987770149917, -45.406809051674614, -40.843953724407086, -37.8282290428406, -36.12088214005997
/rds/general/user/dtj20/home/signals/NUANCE_SIGNALS/all/D1_3570-5694-0012.wav, -39.15744946852279, -42.05578195558435, -47.252584165250624, -46.339929762060315, -41.60780212185845, -38.558103303690004, -37.114843409869955
/rds/general/user/dtj20/home/signals/NUANCE_SIGNALS/all/P1_1995-1826-0017.wav, -41.72777687701851, -44.56139806038834, -49.48406218546167, -48.67601532469706, -44.49975257334779, -41.70374220171944, -40.28007702492054
/rds/general/user/dtj20/home/signals/NUANCE_SIGNALS/all/D1_1995-1826-0015.wav, -42.738476613321026, -45.00857780556273, -49.19675800956056, -48.48374847825628, -44.13868037755444, -41.02773368696573, -39.56734965370054
/rds/general/user/dtj20/home/signals/NUANCE_SIGNALS/all/D1_1995-1826-0009.wav, -42.03666894288901, -45.016281764895595, -49.82282161779128, -47.84566357239495, -43.96593722472044, -40.85977203169926, -39.05676893397431
/rds/general/user/dtj20/home/signals/NUANCE_SIGNALS/all/D1_237-126133-0007.wav, -43.42447744698554, -45.1934282787452, -48.84343222524622, -47.211908493805396, -42.57912775216952, -39.60283981170879, -38.49387645496682
/rds/general/user/dtj20/home/signals/NUANCE_SIGNALS/all/D1_1089-134686-0000.wav, -44.03715866203652, -46.15669932107579, -49.83156718478503, -48.86798846982916, -45.2668643222535, -42.73828983938558, -41.54325912648788
/rds/general/user/dtj20/home/signals/NUANCE_SIGNALS/all/P1_1995-1826-0000.wav, -42.58211312135419, -45.53498624153319, -50.853255944402484, -50.1698014659776, -45.40342328215972, -42.13554723923857, -40.474735264076884
/rds/general/user/dtj20/home/signals/NUANCE_SIGNALS/all/P1_1089-134686-0016.wav, -44.15750929230199, -46.57087045150444, -49.607629006382524, -48.00207567351279, -45.122016576852666, -43.40639431686473, -42.92306977460087
/rds/general/user/dtj20/home/signals/NUANCE_SIGNALS/all/P2_3575-170457-0013.wav, -38.55913804212453, -40.390565284352384, -45.08980671204295, -44.46777466217904, -40.3281322532989, -37.85702931758701, -36.67674061572019
/rds/general/user/dtj20/home/signals/NUANCE_SIGNALS/all/P1_3575-170457-0008.wav, -43.109801116702855, -44.99384657934806, -48.49593655109846, -46.60634272656204, -42.09474301246846, -39.93094188787065, -40.00577566333558
/rds/general/user/dtj20/home/signals/NUANCE_SIGNALS/all/D1_1320-122612-0013.wav, -45.592136937836614, -48.05077644207951, -50.122297198444336, -49.122077884884156, -46.888155392147425, -44.02881164098819, -43.543513395751745
/rds/general/user/dtj20/home/signals/NUANCE_SIGNALS/all/P2_1995-1826-0021.wav, -39.92498379616649, -42.7850259609404, -46.9718768303591, -47.46359784162465, -42.81496441671548, -39.5344766718206, -37.49930129583427
/rds/general/user/dtj20/home/signals/NUANCE_SIGNALS/all/P2_237-126133-0008.wav, -39.29115418044915, -41.91511308261668, -47.016795866793245, -45.96882131712624, -40.710360666299046, -37.18011508518063, -35.07057109828378
/rds/general/user/dtj20/home/signals/NUANCE_SIGNALS/all/D2_1995-1826-0000.wav, -42.47909696118205, -45.46424956353811, -50.56787001098779, -49.87844157659711, -45.16051013566915, -41.77665965949906, -39.72754796214981
/rds/general/user/dtj20/home/signals/NUANCE_SIGNALS/all/P2_1580-141083-0000.wav, -40.97480903870285, -42.84948296058967, -46.1727222929634, -45.35450023578146, -42.12853249920733, -40.53370751706641, -40.37862545491847
/rds/general/user/dtj20/home/signals/NUANCE_SIGNALS/all/D2_3575-170457-0001.wav, -31.18757429782115, -33.32717474399062, -38.35500900542261, -36.61429983343828, -30.97518135289379, -27.376393319068896, -25.447383773194623
/rds/general/user/dtj20/home/signals/NUANCE_SIGNALS/all/D2_1580-141083-0013.wav, -38.53377440027572, -40.84648006245446, -45.318111124361906, -43.41609839409743, -40.46288494996305, -38.779998034110065, -37.70807078277241
/rds/general/user/dtj20/home/signals/NUANCE_SIGNALS/all/P1_3575-170457-0013.wav, -40.69979128627838, -42.1658959709083, -44.28506592871575, -41.441797469956434, -37.87155160649827, -37.665960301686596, -39.341030161749295
/rds/general/user/dtj20/home/signals/NUANCE_SIGNALS/all/D2_1580-141083-0008.wav, -39.24679890044234, -41.885740510491175, -46.54978722633771, -46.02147920113592, -42.56758137956705, -40.73387588395769, -40.38221123152701
/rds/general/user/dtj20/home/signals/NUANCE_SIGNALS/all/P2_1995-1826-0017.wav, -39.194406011930916, -42.11368544360159, -47.34730364409722, -46.82765546018274, -42.03745176156324, -38.70323122645944, -36.68596555865807
/rds/general/user/dtj20/home/signals/NUANCE_SIGNALS/all/D1_237-126133-0008.wav, -37.42727840419367, -40.24335071616016, -45.53525088502156, -44.61503454007976, -39.609569992940045, -36.45933977346865, -34.9347445376077
/rds/general/user/dtj20/home/signals/NUANCE_SIGNALS/all/P1_3575-170457-0020.wav, -36.90360957119437, -39.59971647939548, -44.92468656769559, -44.07680138071854, -39.48132032744907, -36.62808983732927, -35.324223809389515
/rds/general/user/dtj20/home/signals/NUANCE_SIGNALS/all/D2_121-121726-0004.wav, -38.48920098836162, -40.990274729015105, -45.10694382144415, -46.95362045115081, -44.044482984684464, -37.868524237804706, -35.18196043197136
/rds/general/user/dtj20/home/signals/NUANCE_SIGNALS/all/D2_3570-5694-0011.wav, -44.11535340765647, -46.843951576915956, -51.603722200800924, -50.68831139018337, -46.332295439507966, -43.476695504649506, -41.831699237612156
/rds/general/user/dtj20/home/signals/NUANCE_SIGNALS/all/D1_3570-5694-0011.wav, -43.958879869684026, -45.96884970560072, -49.96995511479203, -48.67154127788427, -44.53976460153732, -41.846120435952905, -40.59830340917871
/rds/general/user/dtj20/home/signals/NUANCE_SIGNALS/all/P2_2300-131720-0005.wav, -35.903580980038214, -38.08457137465588, -42.44254270420535, -41.83933497964881, -37.95185293072112, -35.61241945265561, -34.237769818193605
/rds/general/user/dtj20/home/signals/NUANCE_SIGNALS/all/P1_121-121726-0007.wav, -38.894575686450274, -40.5033327940908, -44.76353130529774, -43.932025094774154, -40.03886083523373, -38.207180193011475, -37.9762172809333
/rds/general/user/dtj20/home/signals/NUANCE_SIGNALS/all/P1_1089-134686-0008.wav, -37.89080439177739, -40.60839020832663, -46.234547379531136, -46.540050646054674, -42.59294155886609, -40.534787136988015, -39.78963217384092
/rds/general/user/dtj20/home/signals/NUANCE_SIGNALS/all/P1_1580-141083-0000.wav, -43.969062249386006, -45.50651353603824, -48.326638391212285, -47.63793630371869, -45.42360971778632, -43.48765548610312, -42.324163501784966
/rds/general/user/dtj20/home/signals/NUANCE_SIGNALS/all/P2_3575-170457-0001.wav, -35.068001019563184, -37.457022996884454, -42.343409128877276, -41.73712286361268, -37.264967907018146, -34.76611515237459, -33.84745275736816
/rds/general/user/dtj20/home/signals/NUANCE_SIGNALS/all/D1_3575-170457-0020.wav, -29.50881371661852, -32.73043693758344, -38.79950624401118, -39.02833053316479, -34.39793089348177, -31.967007764895424, -31.17001413904291
/rds/general/user/dtj20/home/signals/NUANCE_SIGNALS/all/P1_2300-131720-0005.wav, -33.50510411209059, -36.64836796784215, -42.10040428666669, -41.41812490831584, -36.58403935398519, -33.33949532969196, -31.56880827024622
/rds/general/user/dtj20/home/signals/NUANCE_SIGNALS/all/P2_1320-122612-0001.wav, -37.80122750933973, -39.67650144986992, -42.47934567394957, -40.717140111392006, -37.97983363884115, -36.13227035633835, -35.5219737649866
/rds/general/user/dtj20/home/signals/NUANCE_SIGNALS/all/P2_121-121726-0004.wav, -41.792332983327725, -42.96746131736779, -46.15368801665238, -46.23719585045865, -43.604032197753824, -42.24049733986434, -41.31623683605109
/rds/general/user/dtj20/home/signals/NUANCE_SIGNALS/all/D1_2300-131720-0016.wav, -41.70013396763704, -43.715281349493466, -47.0236300278679, -46.32869719385197, -42.05997770505169, -40.01185298013831, -39.08204065759248
/rds/general/user/dtj20/home/signals/NUANCE_SIGNALS/all/P1_1320-122612-0009.wav, -40.047062045713744, -42.54993359828599, -47.45279042029897, -47.07219256983484, -42.70000132252911, -39.610201912832224, -37.92929798068669
/rds/general/user/dtj20/home/signals/NUANCE_SIGNALS/all/D1_3575-170457-0008.wav, -45.08217174087523, -47.18232350104814, -50.769243298062705, -49.90764694882021, -46.337685949768066, -43.87695193466648, -42.91247848603984
/rds/general/user/dtj20/home/signals/NUANCE_SIGNALS/all/P1_237-126133-0006.wav, -39.65337637502059, -42.020084977055134, -46.81997720458703, -45.77624704285754, -41.11736183208713, -38.54710166406241, -37.7454850624407
/rds/general/user/dtj20/home/signals/NUANCE_SIGNALS/all/P1_1320-122612-0012.wav, -43.3662929876765, -45.80890106646042, -49.44640294660083, -48.45819072293584, -45.17856829187963, -42.59579347584045, -41.3254574985291
/rds/general/user/dtj20/home/signals/NUANCE_SIGNALS/all/D2_1320-122612-0016.wav, -43.723491685692146, -45.33523903768045, -49.587038332921594, -49.15246990846442, -45.72738817452601, -43.34979892694158, -42.16999175071267
/rds/general/user/dtj20/home/signals/NUANCE_SIGNALS/all/D1_1580-141083-0000.wav, -44.87135714183981, -45.93893323453884, -44.556131562165895, -47.12894896207017, -44.85279555396414, -43.92055721334192, -40.30981874486149
/rds/general/user/dtj20/home/signals/NUANCE_SIGNALS/all/D2_1089-134686-0022.wav, -44.90616742263989, -47.16038378831747, -51.2392279176942, -50.38145982671172, -46.93905914715596, -44.467701124230466, -43.1233698491599
/rds/general/user/dtj20/home/signals/NUANCE_SIGNALS/all/D1_1995-1826-0000.wav, -40.398769217456106, -43.95032268558406, -40.988531809531004, -44.298884756847634, -40.51495808746537, -38.24295207527409, -37.29182623079458
/rds/general/user/dtj20/home/signals/NUANCE_SIGNALS/all/P2_2300-131720-0016.wav, -38.297846285646095, -40.52377727087381, -44.182403686045845, -43.418741589712866, -40.260093876619585, -37.807243085031665, -36.74442942819118
/rds/general/user/dtj20/home/signals/NUANCE_SIGNALS/all/D2_237-126133-0001.wav, -35.728383562723636, -37.86761504552284, -41.185299514172286, -36.971227694195186, -31.838589821992095, -30.188377309046814, -32.000904237308156
/rds/general/user/dtj20/home/signals/NUANCE_SIGNALS/all/P1_1995-1826-0009.wav, -40.56520191506004, -43.15133103819348, -45.97870716546353, -46.909396953840876, -43.25475398213843, -40.095004783974474, -38.57308993647799
/rds/general/user/dtj20/home/signals/NUANCE_SIGNALS/all/P2_3570-5694-0012.wav, -39.537722429241526, -41.82205939708943, -46.76487968598511, -45.822805366009014, -41.0875915246274, -38.22568497117988, -36.821562363434424
/rds/general/user/dtj20/home/signals/NUANCE_SIGNALS/all/P2_2300-131720-0013.wav, -37.50521485505595, -39.99085950143731, -44.20816384351988, -43.10330040913122, -39.1015797750178, -36.73918846192079, -36.00539903769055
/rds/general/user/dtj20/home/signals/NUANCE_SIGNALS/all/P2_1284-1180-0017.wav, -38.11316355905818, -41.105093295266435, -46.34575563862669, -45.66681557831349, -40.90368353401737, -37.71234234505636, -35.97976233576305
/rds/general/user/dtj20/home/signals/NUANCE_SIGNALS/all/P2_1995-1826-0009.wav, -40.73984191285135, -43.651937272085284, -48.76791858452248, -48.26625871074212, -43.65416843597055, -40.59282395084949, -38.82951019381636
/rds/general/user/dtj20/home/signals/NUANCE_SIGNALS/all/D1_2300-131720-0008.wav, -42.19100082042419, -43.4333227960187, -46.825158779174245, -45.56497976421208, -41.87164625124357, -40.36792754990577, -40.220487980883526
/rds/general/user/dtj20/home/signals/NUANCE_SIGNALS/all/D2_1320-122612-0001.wav, -40.07176125970112, -42.443648386868404, -46.74431474823593, -45.852595331224464, -42.69933360521456, -41.01483362126289, -39.615440073929605
/rds/general/user/dtj20/home/signals/NUANCE_SIGNALS/all/D1_1284-1180-0003.wav, -39.874810138235034, -42.632456391442005, -47.72229791574415, -46.534921082893746, -41.735480005762184, -38.85108877850826, -37.64726016368334
/rds/general/user/dtj20/home/signals/NUANCE_SIGNALS/all/P1_3570-5694-0004.wav, -40.411502174437274, -43.08119675620923, -47.89154398963642, -47.22577318667669, -42.8919469026516, -39.862387895584305, -38.23271046430541
/rds/general/user/dtj20/home/signals/NUANCE_SIGNALS/all/P1_2300-131720-0014.wav, -31.999675169161605, -35.44238481853046, -41.240154516014385, -40.49772162020762, -35.46284235628006, -32.228623896671145, -30.462027184792166
/rds/general/user/dtj20/home/signals/NUANCE_SIGNALS/all/P2_237-126133-0006.wav, -40.861731259244024, -42.635270599232086, -46.777045491540306, -46.374713037200536, -42.710822529536394, -40.63760668905389, -40.0041034576218
/rds/general/user/dtj20/home/signals/NUANCE_SIGNALS/all/D1_1580-141083-0014.wav, -43.28371364692748, -44.14829829079647, -45.86143863305249, -45.341999874401175, -42.79658840547513, -40.73273360788609, -40.29668127716909
/rds/general/user/dtj20/home/signals/NUANCE_SIGNALS/all/P1_237-126133-0001.wav, -43.3371518784883, -45.09632141896549, -49.73981378773891, -48.5502357176994, -44.64990700811665, -42.49997054850183, -42.16053665066405
/rds/general/user/dtj20/home/signals/NUANCE_SIGNALS/all/P2_1580-141083-0004.wav, -40.778671011394756, -42.85768078601066, -45.99337237913115, -45.336370991216484, -43.20959846152984, -41.55628070120926, -41.689211432054485
/rds/general/user/dtj20/home/signals/NUANCE_SIGNALS/all/D1_3570-5694-0005.wav, -41.14291176464959, -44.06144894871842, -48.33773863016826, -47.573600536112124, -43.669536600191506, -40.720104721547166, -39.02985008435153
/rds/general/user/dtj20/home/signals/NUANCE_SIGNALS/all/P2_237-126133-0000.wav, -40.85300873883578, -42.16077251204858, -46.14912836805918, -45.96414730130169, -42.82128277371974, -41.32489837932954, -41.20758494959674
/rds/general/user/dtj20/home/signals/NUANCE_SIGNALS/all/D2_237-126133-0008.wav, -46.57036279827437, -48.81512361010735, -53.20752038987841, -52.32310405601431, -48.15697770999481, -45.50986318537767, -44.140472563054914
/rds/general/user/dtj20/home/signals/NUANCE_SIGNALS/all/D1_1284-1180-0017.wav, -42.348078432578944, -44.86003146644603, -49.091773149701254, -47.955981099236354, -44.101000268784716, -41.14729437760496, -39.66777585104464
/rds/general/user/dtj20/home/signals/NUANCE_SIGNALS/all/P1_2300-131720-0008.wav, -34.52833233101687, -37.805528084850835, -43.1862661966227, -42.70870852179692, -37.833397635226795, -34.561865675774705, -32.7455487205166
/rds/general/user/dtj20/home/signals/NUANCE_SIGNALS/all/P1_1284-1180-0014.wav, -40.76093573582243, -43.67964031933212, -48.955481243034704, -48.39357098989707, -43.74305255113583, -40.673716476665604, -39.07281291538268
/rds/general/user/dtj20/home/signals/NUANCE_SIGNALS/all/D2_237-126133-0006.wav, -43.93965578348845, -46.211309944563425, -50.38171811823834, -49.56210067499878, -45.87538195440854, -43.81463366821363, -43.14682126558412
/rds/general/user/dtj20/home/signals/NUANCE_SIGNALS/all/D1_1580-141083-0013.wav, -41.199603977986115, -43.067326444990655, -46.273699852424066, -44.96841711156462, -41.18821167151444, -38.52865154541537, -37.683397227418965
/rds/general/user/dtj20/home/signals/NUANCE_SIGNALS/all/D2_3570-5694-0014.wav, -39.76822906187195, -42.11314898236955, -46.7223525411179, -44.37969556396223, -39.25738714465282, -36.844256233960834, -36.93585600738005
/rds/general/user/dtj20/home/signals/NUANCE_SIGNALS/all/P1_237-126133-0007.wav, -42.07289947789885, -44.171435971094084, -49.025842971284064, -48.34070697078997, -44.386487420408436, -42.04514027097492, -41.42713428123508
/rds/general/user/dtj20/home/signals/NUANCE_SIGNALS/all/D2_1580-141083-0014.wav, -40.3685183878563, -42.63606657969228, -46.21701310613574, -45.951302132883, -43.249773580691695, -41.63711768751953, -40.82968956241
/rds/general/user/dtj20/home/signals/NUANCE_SIGNALS/all/P1_1089-134686-0022.wav, -40.14091049759526, -42.82127137373777, -47.98430976383145, -47.18528529555185, -42.444039135419786, -39.56337064067425, -38.42541697504173
/rds/general/user/dtj20/home/signals/NUANCE_SIGNALS/all/D2_1320-122612-0012.wav, -43.1385015515226, -45.9997623323202, -49.78594675751155, -48.227196753946814, -45.439119358680735, -43.06964887307892, -41.77055181919926
/rds/general/user/dtj20/home/signals/NUANCE_SIGNALS/all/P2_1995-1826-0000.wav, -41.59555526234626, -44.479633359556736, -49.73117183761944, -49.015447344133236, -44.47980673581068, -41.46430324094135, -39.70246720680511
/rds/general/user/dtj20/home/signals/NUANCE_SIGNALS/all/D1_1089-134686-0016.wav, -46.56543420502386, -48.409319394428124, -52.15301886993572, -50.88091854880946, -47.23756716970803, -44.81473904699736, -43.858034806845
/rds/general/user/dtj20/home/signals/NUANCE_SIGNALS/all/P1_1320-122612-0013.wav, -42.31618278304958, -44.70412897513427, -47.760150097274625, -47.39673168788382, -44.76125132677374, -42.13806781009982, -40.562434872555116
/rds/general/user/dtj20/home/signals/NUANCE_SIGNALS/all/P2_1089-134686-0016.wav, -44.67219290058598, -46.55168770291312, -50.711445232686344, -50.10096326782634, -46.55206979704866, -44.35194310416472, -43.497385968731464
/rds/general/user/dtj20/home/signals/NUANCE_SIGNALS/all/P1_1580-141083-0013.wav, -37.856726091569485, -40.11578503176882, -43.9165887082618, -44.63264160042952, -41.55255102860414, -39.36128998158625, -38.9851995685156
/rds/general/user/dtj20/home/signals/NUANCE_SIGNALS/all/P1_1284-1180-0017.wav, -41.29484218325963, -44.20604147876479, -49.29669476807306, -48.08481809720807, -43.47187365498939, -40.64977101501941, -39.480960228568016
/rds/general/user/dtj20/home/signals/NUANCE_SIGNALS/all/P2_1580-141083-0013.wav, -35.40894938275052, -37.29327262450141, -41.04827732990601, -39.91938845178234, -35.54576526788372, -33.266177481736996, -32.63521726878504
/rds/general/user/dtj20/home/signals/NUANCE_SIGNALS/all/P2_121-121726-0003.wav, -36.67518379889317, -38.45974010270188, -42.07034297457025, -41.77713397319443, -38.961367920607884, -37.52570213354872, -37.07570236125142
/rds/general/user/dtj20/home/signals/NUANCE_SIGNALS/all/P1_2300-131720-0013.wav, -39.59710315170343, -42.612185452019276, -47.056412481471035, -45.186670789834054, -40.23667126959388, -37.37629404037359, -36.688668974498924
/rds/general/user/dtj20/home/signals/NUANCE_SIGNALS/all/D1_237-126133-0001.wav, -42.53845214816572, -44.693696710855626, -48.017025809479165, -46.8176483812459, -43.27224175441907, -40.68858641955481, -39.51067140182514
/rds/general/user/dtj20/home/signals/NUANCE_SIGNALS/all/P1_1580-141083-0014.wav, -38.33224526804618, -40.30807544210133, -43.7523872990669, -41.58418723496887, -39.62094904380041, -37.57028060089381, -36.19111451464065
/rds/general/user/dtj20/home/signals/NUANCE_SIGNALS/all/D2_1580-141083-0004.wav, -45.49640235605219, -47.44608462689914, -50.920526041118, -49.608726472417146, -47.02018244307682, -45.87372359857457, -45.10412475883284
/rds/general/user/dtj20/home/signals/NUANCE_SIGNALS/all/P1_1284-1180-0011.wav, -35.42827952813495, -38.34687651856892, -43.726602458318425, -43.11308940088552, -38.540683485886895, -35.637981730056325, -34.281420505587576
/rds/general/user/dtj20/home/signals/NUANCE_SIGNALS/all/P2_237-126133-0001.wav, -41.37317946538904, -43.55869444862019, -47.08010221795567, -46.98750487813076, -43.68851833083827, -41.72921195709222, -41.27554918322019
/rds/general/user/dtj20/home/signals/NUANCE_SIGNALS/all/D2_121-121726-0009.wav, -42.24630299952875, -43.705855247233565, -47.44110543639537, -45.812927786271274, -41.893419677755396, -40.200441097786744, -39.86300846009542
/rds/general/user/dtj20/home/signals/NUANCE_SIGNALS/all/D1_121-121726-0003.wav, -41.35878798825054, -43.30222724587266, -46.36422320630107, -45.455290004432676, -42.01553252033611, -39.67815258750627, -38.482037084633845
/rds/general/user/dtj20/home/signals/NUANCE_SIGNALS/all/P1_1995-1826-0021.wav, -39.09881863964213, -42.15642756275813, -47.54106360568738, -47.23787122604237, -42.35696769803333, -39.1285409726586, -37.38868039632703
/rds/general/user/dtj20/home/signals/NUANCE_SIGNALS/all/P1_237-126133-0000.wav, -43.103826059409236, -45.14296458707612, -49.51862513123043, -48.46226886236063, -44.53030581551262, -42.51297227238814, -41.88754217084025
/rds/general/user/dtj20/home/signals/NUANCE_SIGNALS/all/D2_2300-131720-0014.wav, -42.46957759990141, -45.45770663372277, -49.82996048797976, -48.79640917937587, -45.09304309038651, -42.428761452025164, -40.80968651649536
/rds/general/user/dtj20/home/signals/NUANCE_SIGNALS/all/D1_1580-141083-0008.wav, -43.14709893178977, -45.693641861965936, -47.89467560826584, -46.41124192722714, -44.513613388989256, -41.35423988757403, -41.01969439981854
/rds/general/user/dtj20/home/signals/NUANCE_SIGNALS/all/P1_2300-131720-0016.wav, -39.040907992575654, -41.69486507064241, -46.15439578124965, -44.99615285318025, -40.80126973310121, -38.216797469709505, -37.01841551897395
/rds/general/user/dtj20/home/signals/NUANCE_SIGNALS/all/P1_121-121726-0009.wav, -41.58684025854103, -43.81647514324315, -48.23340145375779, -47.69532513141349, -43.90402551751819, -41.593494360410396, -40.82181427005929
/rds/general/user/dtj20/home/signals/NUANCE_SIGNALS/all/D2_121-121726-0000.wav, -42.87824545689976, -44.999036321114055, -49.11653700647258, -47.904839380332554, -44.03706186497311, -42.13409240313646, -41.59746726288871
/rds/general/user/dtj20/home/signals/NUANCE_SIGNALS/all/P1_1089-134686-0000.wav, -41.30307952313367, -44.599633505059266, -48.86977051701415, -45.56998300576101, -40.14260160616148, -37.472459124155115, -37.443398729798
/rds/general/user/dtj20/home/signals/NUANCE_SIGNALS/all/P1_3570-5694-0012.wav, -37.67483270915827, -40.55281478400586, -46.009356335502254, -45.157830834771374, -40.30956351934391, -37.63274108011365, -36.70734599964864
/rds/general/user/dtj20/home/signals/NUANCE_SIGNALS/all/D1_1995-1826-0017.wav, -43.6924723409561, -46.19405231142723, -50.23355166525094, -49.423958396758955, -45.8691822325871, -43.061786847647994, -41.559264035744015
/rds/general/user/dtj20/home/signals/NUANCE_SIGNALS/all/D1_2300-131720-0005.wav, -39.23421836520091, -41.89542841149115, -46.55421756363577, -45.28904549057384, -40.90004434029047, -37.905214784088685, -36.39091270885896
/rds/general/user/dtj20/home/signals/NUANCE_SIGNALS/all/P2_121-121726-0000.wav, -38.66873372790964, -40.40659411611877, -44.8424298734879, -44.577255716698275, -40.92074513232767, -38.78587414981067, -37.909114188355645
/rds/general/user/dtj20/home/signals/NUANCE_SIGNALS/all/D1_1284-1180-0011.wav, -35.57844146356474, -38.23597238910389, -43.19121351385836, -42.10149901961092, -37.07974451479776, -33.9479778620032, -32.48309335382488
/rds/general/user/dtj20/home/signals/NUANCE_SIGNALS/all/D1_1320-122612-0012.wav, -44.91049187066643, -46.89848639066912, -49.577387186051, -48.10867394492685, -45.94084471208088, -43.17158013227008, -42.26350805175152
/rds/general/user/dtj20/home/signals/NUANCE_SIGNALS/all/P1_121-121726-0003.wav, -30.51033910260574, -33.440917141616076, -38.96414940330293, -38.07850921260873, -32.78102135489333, -29.204508901206836, -27.209603766589797
/rds/general/user/dtj20/home/signals/NUANCE_SIGNALS/all/D2_3570-5694-0004.wav, -41.76285203134767, -44.40928287377582, -49.03239312074159, -48.35750354895961, -44.712163431099896, -42.768647655635654, -42.14942589840335
/rds/general/user/dtj20/home/signals/NUANCE_SIGNALS/all/D2_1320-122612-0009.wav, -40.48503366158368, -43.6019316849261, -47.58507066294072, -47.47008342313322, -42.78970384711165, -40.20943236348583, -38.790999749113865
/rds/general/user/dtj20/home/signals/NUANCE_SIGNALS/all/D2_121-121726-0007.wav, -42.179161801911356, -43.37299886627284, -46.55701434639969, -42.2495496180382, -38.75116018924801, -39.83702268210054, -40.4179365925009
/rds/general/user/dtj20/home/signals/NUANCE_SIGNALS/all/D1_3570-5694-0004.wav, -40.76120502662888, -43.163759283806684, -47.55033271044526, -46.380724988641646, -41.85708052074996, -38.81186169332971, -37.42570187289027
/rds/general/user/dtj20/home/signals/NUANCE_SIGNALS/all/D2_1284-1180-0001.wav, -42.212354852937075, -44.78971761493444, -49.69279107188326, -48.58657644842743, -44.11470523323432, -41.33789597180389, -39.90115804041225
/rds/general/user/dtj20/home/signals/NUANCE_SIGNALS/all/D1_237-126133-0006.wav, -44.266681269622204, -46.44875454023964, -49.99053536349341, -47.90001488078819, -43.44432841525528, -40.77305365599465, -39.99737210656508
/rds/general/user/dtj20/home/signals/NUANCE_SIGNALS/all/D2_237-126133-0007.wav, -43.08049107307717, -44.99435481706812, -49.288548904354926, -48.404943493343936, -44.89571480417985, -43.27714798587976, -42.95754753567615
/rds/general/user/dtj20/home/signals/NUANCE_SIGNALS/all/P1_3570-5694-0011.wav, -42.42434839699791, -45.562909658289485, -50.34362237190428, -48.605394443151766, -43.810381830944316, -41.030313757848546, -40.23911936505945
/rds/general/user/dtj20/home/signals/NUANCE_SIGNALS/all/P2_1320-122612-0012.wav, -40.820772561458575, -42.48775370757042, -44.70906419923079, -43.31689687445955, -41.987154977091556, -40.2532474762709, -39.60714062851663
/rds/general/user/dtj20/home/signals/NUANCE_SIGNALS/all/P2_3570-5694-0005.wav, -37.45832455512507, -40.12647188440006, -45.47139035393884, -45.26541930825775, -40.79912564814109, -37.8266215340633, -35.91076982637347
/rds/general/user/dtj20/home/signals/NUANCE_SIGNALS/all/D2_1320-122612-0013.wav, -43.588905374740825, -46.139895955572186, -49.595690304825524, -49.732119823030686, -46.39394545329259, -43.785293192782, -42.32717832669816
/rds/general/user/dtj20/home/signals/NUANCE_SIGNALS/all/P2_3575-170457-0008.wav, -40.34007986169948, -42.386828559432324, -46.925442213559876, -45.97027711003817, -41.56628094413742, -38.908881626624186, -37.75506093551193
/rds/general/user/dtj20/home/signals/NUANCE_SIGNALS/all/D2_3570-5694-0012.wav, -42.037493991601984, -44.27685147490748, -49.30299529068555, -48.67804439870425, -44.30579485719426, -41.765164241840715, -40.238424252183556
/rds/general/user/dtj20/home/signals/NUANCE_SIGNALS/all/P2_2300-131720-0014.wav, -40.41774218014343, -42.28243877946031, -45.999955800228484, -44.871309868574976, -42.09816322113977, -40.243623850088625, -39.24442829928452
/rds/general/user/dtj20/home/signals/NUANCE_SIGNALS/all/P2_121-121726-0009.wav, -40.278040154403826, -41.42402061770141, -42.90145636154024, -42.0025170548968, -41.366071467544, -40.519461268692226, -39.99834815438977
/rds/general/user/dtj20/home/signals/NUANCE_SIGNALS/all/P2_3570-5694-0004.wav, -41.598508385907664, -43.87006834011696, -47.779803566676335, -47.401664355879554, -44.145691265847084, -41.80554032075709, -40.64476143376034
/rds/general/user/dtj20/home/signals/NUANCE_SIGNALS/all/D1_1089-134686-0004.wav, -40.685188732182255, -43.20938379919329, -47.96815913758449, -46.502466636551674, -42.07532382071026, -39.54015724256992, -38.3718737112505
/rds/general/user/dtj20/home/signals/NUANCE_SIGNALS/all/D1_3575-170457-0001.wav, -41.7726037138057, -43.78978155187226, -47.21754092065395, -46.14141847376438, -42.91151501454213, -39.98889309008817, -38.61524408594331
/rds/general/user/dtj20/home/signals/NUANCE_SIGNALS/all/P2_1284-1180-0011.wav, -34.399182510647414, -37.13032555046323, -42.08948481420235, -41.74837649329474, -37.37497333119853, -34.433693147972264, -32.963207434534965
/rds/general/user/dtj20/home/signals/NUANCE_SIGNALS/all/P1_1320-122612-0001.wav, -35.34365445006057, -38.24267637421179, -42.84091398942982, -41.32120318059927, -37.17481449661698, -34.239022682789994, -32.30257283475942
/rds/general/user/dtj20/home/signals/NUANCE_SIGNALS/all/D1_237-126133-0000.wav, -45.93485478962697, -47.21550218824661, -50.01908229291283, -48.885076824935695, -45.58363073883306, -43.42704402685294, -42.86481747135366
/rds/general/user/dtj20/home/signals/NUANCE_SIGNALS/all/D2_1995-1826-0017.wav, -42.212809294908446, -44.97741212809835, -49.50419146341896, -48.80434176144242, -44.9669347661147, -41.942181428692685, -40.0673169399721
/rds/general/user/dtj20/home/signals/NUANCE_SIGNALS/all/D1_121-121726-0009.wav, -38.18673632101421, -40.79768090180333, -45.005767732962525, -44.3647938917514, -39.974222873399526, -37.06044006543782, -35.69865796626898
/rds/general/user/dtj20/home/signals/NUANCE_SIGNALS/all/D2_2300-131720-0013.wav, -38.43034152872315, -42.718450539794254, -47.95159678353909, -46.95807127418533, -42.716775371318164, -40.314707502416454, -39.10023223313186
/rds/general/user/dtj20/home/signals/NUANCE_SIGNALS/all/P2_1089-134686-0008.wav, -34.81288775145806, -37.944678193228036, -43.81326441333983, -44.08152375971852, -39.871088538275714, -37.635942621450184, -37.13852305747858
/rds/general/user/dtj20/home/signals/NUANCE_SIGNALS/all/P2_3570-5694-0011.wav, -40.44921281665487, -43.23540087946849, -48.02494519910573, -47.139203651459745, -43.31135807787077, -40.67673603483811, -39.3415180226567
/rds/general/user/dtj20/home/signals/NUANCE_SIGNALS/all/P2_1284-1180-0003.wav, -36.46974104911861, -38.88248575750284, -43.89643307234235, -43.030010643583196, -38.27487628885687, -35.502924284240194, -34.46774399464587
/rds/general/user/dtj20/home/signals/NUANCE_SIGNALS/all/P1_1284-1180-0001.wav, -30.260188079016146, -33.109721385715076, -38.787076624790345, -38.38979777924046, -33.4065760214827, -30.54086462982667, -29.55017566578462
/rds/general/user/dtj20/home/signals/NUANCE_SIGNALS/all/D2_1284-1180-0014.wav, -42.50868851753778, -45.28577381833942, -50.205525270777386, -49.1602119018667, -44.71291762516657, -41.75038159972293, -40.06299907128715
/rds/general/user/dtj20/home/signals/NUANCE_SIGNALS/all/D2_1089-134686-0004.wav, -40.90892088148319, -43.120805947843586, -47.73677319938799, -46.22838852651633, -41.566940318707964, -38.612287208321966, -36.94221890534835
/rds/general/user/dtj20/home/signals/NUANCE_SIGNALS/all/P2_237-126133-0007.wav, -33.386369941013285, -35.64557199088543, -40.876511521494834, -40.124364853540655, -35.437960464130384, -32.92910433343667, -32.3399181176372
/rds/general/user/dtj20/home/signals/NUANCE_SIGNALS/all/P2_1320-122612-0016.wav, -37.73972316199839, -40.59316944995403, -45.44378373839174, -44.69548397114643, -40.206464859091014, -37.00960137038749, -34.96354695029038
/rds/general/user/dtj20/home/signals/NUANCE_SIGNALS/all/D2_2300-131720-0005.wav, -38.522690664215354, -41.52766829948785, -46.62210568096167, -45.8297446572194, -41.262852546767604, -38.25809732590669, -36.55905890470137
/rds/general/user/dtj20/home/signals/NUANCE_SIGNALS/all/P2_1284-1180-0014.wav, -40.251538995580376, -42.88309741008174, -47.733861077469875, -46.750185371573124, -42.237716530566054, -39.17240640760665, -37.55972985097909
/rds/general/user/dtj20/home/signals/NUANCE_SIGNALS/all/D2_1284-1180-0003.wav, -38.387145697384206, -41.062021900039944, -46.38871163328229, -45.36966636243758, -40.37537731270522, -37.25710262205078, -35.78229899717649
/rds/general/user/dtj20/home/signals/NUANCE_SIGNALS/all/D1_1284-1180-0014.wav, -40.68916515186227, -43.55804810112364, -48.68772944744328, -47.774180161989854, -43.10763258663797, -40.08308525574896, -38.5711976170719
/rds/general/user/dtj20/home/signals/NUANCE_SIGNALS/all/P1_1284-1180-0003.wav, -36.279359275243046, -39.38695078307777, -45.228380299711766, -45.138150084097646, -40.67064876556052, -38.21412810287504, -37.364578892479614
/rds/general/user/dtj20/home/signals/NUANCE_SIGNALS/all/P2_3575-170457-0020.wav, -35.368524575021155, -38.116297185653934, -42.35418103671461, -42.08652985605824, -37.63398631286216, -34.63662523231661, -33.19687569424907
/rds/general/user/dtj20/home/signals/NUANCE_SIGNALS/all/D2_2300-131720-0016.wav, -41.552835317918955, -44.39748748456609, -48.41769880806078, -47.67575871215325, -43.88296541667707, -41.405183143452355, -40.47941517641436
/rds/general/user/dtj20/home/signals/NUANCE_SIGNALS/all/D2_1995-1826-0009.wav, -44.5384687050028, -47.019608734625926, -51.15322739188885, -50.97211697136272, -47.2732533694995, -44.59107389329404, -42.99525915404304
/rds/general/user/dtj20/home/signals/NUANCE_SIGNALS/all/D2_3570-5694-0005.wav, -44.77050513460287, -47.23228677838438, -51.82084022614666, -50.55900563387752, -46.538704737364455, -44.23315186236064, -43.16512211407258
/rds/general/user/dtj20/home/signals/NUANCE_SIGNALS/all/P1_237-126133-0008.wav, -46.16890330344067, -48.27623362033794, -52.79672927803798, -52.36621064290488, -48.506875257367994, -45.928178162059154, -44.793104355314924
/rds/general/user/dtj20/home/signals/NUANCE_SIGNALS/all/D2_3575-170457-0008.wav, -44.43914030943343, -46.625341925016855, -51.13181166184927, -49.274663418138985, -46.174969976555865, -43.42710605821072, -42.427961063546455
/rds/general/user/dtj20/home/signals/NUANCE_SIGNALS/all/D2_3575-170457-0013.wav, -41.360621785668144, -43.696706112835926, -47.22663846683561, -47.36329315020715, -43.19742350513489, -40.48486357141062, -39.59999387241729
/rds/general/user/dtj20/home/signals/NUANCE_SIGNALS/all/P1_1089-134686-0004.wav, -32.14236401960932, -35.062251996892144, -40.806160924705395, -40.35172922094777, -35.486597006131, -32.714128294551664, -31.812167996301145
/rds/general/user/dtj20/home/signals/NUANCE_SIGNALS/all/P2_1089-134686-0000.wav, -40.872624132788566, -42.38059961214918, -46.65285563785562, -45.890248443390824, -42.0474294979206, -40.229711306969456, -39.543087325742505
/rds/general/user/dtj20/home/signals/NUANCE_SIGNALS/all/P1_1580-141083-0008.wav, -42.4618184520524, -44.33874993659625, -47.633436432409056, -45.84764855423764, -42.07191839374555, -40.1692653216992, -40.25736236573681
/rds/general/user/dtj20/home/signals/NUANCE_SIGNALS/all/P2_121-121726-0007.wav, -40.90011288256886, -42.520764342663675, -45.9524292807717, -45.52757852573292, -42.495658777313935, -40.78569201395207, -40.17669012948393
/rds/general/user/dtj20/home/signals/NUANCE_SIGNALS/all/D1_2300-131720-0014.wav, -44.00545482570263, -46.18499905110538, -49.81590414301864, -48.94758065732248, -45.259065168720895, -42.6955753761968, -41.464771905746815
/rds/general/user/dtj20/home/signals/NUANCE_SIGNALS/all/D2_1089-134686-0008.wav, -45.028552874863024, -47.61475802119243, -52.266087837311176, -51.50060023800394, -47.395051629892116, -44.748194805618155, -43.25548663201857
/rds/general/user/dtj20/home/signals/NUANCE_SIGNALS/all/D1_2300-131720-0013.wav, -41.97747659426406, -44.17093789726033, -47.8983043445103, -46.53731917011023, -42.3952418210252, -39.82722770328943, -38.820260480411335
/rds/general/user/dtj20/home/signals/NUANCE_SIGNALS/all/D1_3575-170457-0013.wav, -41.854343650473155, -43.90279833188373, -47.82935690261962, -46.51606488666857, -42.62113160133859, -40.6323828597965, -39.27722561525572
/rds/general/user/dtj20/home/signals/NUANCE_SIGNALS/all/D2_1995-1826-0021.wav, -42.060228683703436, -44.693786636037444, -49.60442702680875, -48.56382111582889, -43.92906234587215, -40.79711653503412, -39.08825032574573
/rds/general/user/dtj20/home/signals/NUANCE_SIGNALS/all/D1_121-121726-0004.wav, -42.01385085104546, -44.089445024054214, -48.104839082046105, -47.033053447023875, -43.31301618176256, -41.100485833718345, -40.02723390994569
/rds/general/user/dtj20/home/signals/NUANCE_SIGNALS/all/D1_1995-1826-0021.wav, -44.318733684377, -47.48835478160741, -51.736807129766035, -50.96235000065627, -46.450949242462286, -44.208252677010094, -43.10297650095763
/rds/general/user/dtj20/home/signals/NUANCE_SIGNALS/all/P1_3570-5694-0005.wav, -44.815839180237056, -47.269251982876675, -51.56537778683965, -50.41425619415741, -46.78147999285861, -44.39092025964322, -42.757571900144676
/rds/general/user/dtj20/home/signals/NUANCE_SIGNALS/all/D2_1284-1180-0017.wav, -41.74290413152637, -44.45297471604141, -50.54352058039356, -49.47087863349261, -45.4809722529668, -42.365106618456004, -40.57725441975393
/rds/general/user/dtj20/home/signals/NUANCE_SIGNALS/all/D2_237-126133-0000.wav, -39.05328964748376, -41.02412181074247, -45.4193079597359, -43.379767279186645, -37.91169925992822, -34.68798852965533, -33.54756064471852
/rds/general/user/dtj20/home/signals/NUANCE_SIGNALS/all/D2_3575-170457-0000.wav, -37.93640168076796, -40.82083032242185, -45.32600046931648, -44.5936896172394, -40.47240810875752, -38.290469241334414, -37.802169583934784
/rds/general/user/dtj20/home/signals/NUANCE_SIGNALS/all/D1_3570-5694-0014.wav, -40.64369070035339, -43.29481463170389, -47.73738444542366, -46.31215071812849, -42.72988856544379, -40.296527980499015, -39.12992205968084
/rds/general/user/dtj20/home/signals/NUANCE_SIGNALS/all/D2_121-121726-0003.wav, -39.13433220275039, -40.90916900021337, -45.08343416307956, -44.40350083474129, -40.878883113519706, -39.358142467381306, -38.940171910154376
/rds/general/user/dtj20/home/signals/NUANCE_SIGNALS/all/D1_1320-122612-0001.wav, -39.80867984395474, -42.15764551742245, -45.8951356060918, -44.99206836011467, -41.92001069494404, -39.396067960359844, -38.26907839749403
/rds/general/user/dtj20/home/signals/NUANCE_SIGNALS/all/P1_121-121726-0000.wav, -40.44744809200517, -42.77342825767626, -47.573774359807985, -44.34088399199082, -41.318942113795075, -39.49789534280044, -38.48536957777152
/rds/general/user/dtj20/home/signals/NUANCE_SIGNALS/all/D1_121-121726-0007.wav, -27.60649522203935, -30.307845357157902, -35.86125996912302, -35.655420058949765, -30.864762702030063, -28.18008268199746, -27.27608468631817
/rds/general/user/dtj20/home/signals/NUANCE_SIGNALS/all/P2_1089-134686-0022.wav, -36.47610804018096, -38.38739343023444, -43.55709248575032, -42.94312896778721, -38.09374026739599, -34.758058424513465, -33.007955428940654
/rds/general/user/dtj20/home/signals/NUANCE_SIGNALS/all/D1_1089-134686-0008.wav, -45.182582040500385, -47.370270668692655, -50.80173625738059, -50.02244933632753, -46.246015070392765, -43.48644218579398, -42.15878212978666
/rds/general/user/dtj20/home/signals/NUANCE_SIGNALS/all/D1_1089-134686-0022.wav, -42.2679518230356, -44.70872735584833, -49.16908747222983, -48.55238787185244, -44.43930737759399, -41.65892781525137, -40.24891174731705
/rds/general/user/dtj20/home/signals/NUANCE_SIGNALS/all/D1_1320-122612-0016.wav, -44.8133268500778, -46.79347181050567, -50.1598017465771, -48.00279620721099, -43.90839366641471, -41.2486877486745, -40.3126410150798
/rds/general/user/dtj20/home/signals/NUANCE_SIGNALS/all/P2_3575-170457-0000.wav, -37.295823524222875, -39.13709553220198, -43.70345004069996, -43.16322338521971, -39.21187679261078, -37.05327333056991, -36.24932060711414
