/rds/general/user/dtj20/home/signals/NUANCE_SIGNALS/all/P1_1320-122612-0016.wav, -45.934852555258814, -46.86272344339659, -49.985632462446155, -47.9790926233838, -45.94012052389917, -45.401584401290776, -44.953609853847006
/rds/general/user/dtj20/home/signals/NUANCE_SIGNALS/all/D1_3575-170457-0000.wav, -38.926318067148536, -40.176210633611795, -44.26713493409487, -42.3135229090856, -36.86033413686803, -33.53456921762442, -32.10071716332111
/rds/general/user/dtj20/home/signals/NUANCE_SIGNALS/all/D2_1089-134686-0016.wav, -39.8655254663644, -44.79233497757918, -52.48866832532511, -51.212949414282356, -46.19736772989544, -41.88882374050908, -42.79706539814598
/rds/general/user/dtj20/home/signals/NUANCE_SIGNALS/all/D1_121-121726-0000.wav, -45.34485138731638, -47.066049322473546, -50.74298912545486, -49.38236787563521, -45.51291809472197, -42.847995431713215, -41.846531465531605
/rds/general/user/dtj20/home/signals/NUANCE_SIGNALS/all/P2_1284-1180-0001.wav, -41.88131220691574, -44.177082767499385, -48.9508399653982, -48.04329280784984, -43.639310335369956, -41.0315795985051, -39.97458277066533
/rds/general/user/dtj20/home/signals/NUANCE_SIGNALS/all/P1_3570-5694-0014.wav, -45.74204124850353, -48.02946581750138, -51.924659315066116, -49.956583828584684, -46.24299645557536, -44.30157558005285, -44.02920336385008
/rds/general/user/dtj20/home/signals/NUANCE_SIGNALS/all/D1_1284-1180-0001.wav, -45.011248706321396, -47.218220225215845, -51.02730991510687, -49.22543090481098, -45.086286199457135, -42.67150096810177, -41.571578373911755
/rds/general/user/dtj20/home/signals/NUANCE_SIGNALS/all/P1_121-121726-0004.wav, -44.37817590074058, -45.466774772721436, -47.81730952979511, -47.20171793467991, -44.24152705907834, -42.04873273117126, -41.80214326678306
/rds/general/user/dtj20/home/signals/NUANCE_SIGNALS/all/P2_1580-141083-0014.wav, -40.029819207302246, -41.26436535173436, -44.04745934865598, -43.370154209077484, -41.06224916680969, -39.410129121463186, -40.06446481974565
/rds/general/user/dtj20/home/signals/NUANCE_SIGNALS/all/P2_1320-122612-0013.wav, -45.56085237792607, -46.004631327638165, -48.485153400710495, -45.53864856780743, -45.37105574405444, -45.298720476248, -43.69394148502181
/rds/general/user/dtj20/home/signals/NUANCE_SIGNALS/all/D2_1089-134686-0000.wav, -46.43179914931494, -45.44009752551837, -48.6721764153195, -40.78863057633697, -37.253469784682075, -42.03583893586517, -41.130538438540796
/rds/general/user/dtj20/home/signals/NUANCE_SIGNALS/all/P2_1320-122612-0009.wav, -42.67725806071489, -45.20656784273239, -49.561056918467195, -48.90688493184047, -45.13349621180894, -42.52854187654037, -41.1785355026337
/rds/general/user/dtj20/home/signals/NUANCE_SIGNALS/all/P2_3575-170457-0013.wav, -38.96740881409096, -40.60543841944711, -45.31707424922225, -44.79687198451944, -41.0293334735319, -39.11415467717594, -38.920799726336256
/rds/general/user/dtj20/home/signals/NUANCE_SIGNALS/all/P1_3575-170457-0008.wav, -44.68481089974525, -47.30185123554903, -51.08253850448726, -49.3434608205395, -45.05223956158278, -42.85362959760532, -42.993218906527616
/rds/general/user/dtj20/home/signals/NUANCE_SIGNALS/all/D1_1320-122612-0013.wav, -48.27783475961169, -49.450787248422444, -51.70571526413623, -50.365989103936556, -48.49503892567661, -46.47560208489225, -46.091731564638074
/rds/general/user/dtj20/home/signals/NUANCE_SIGNALS/all/P2_1995-1826-0021.wav, -45.69209353840705, -47.56000329327812, -51.54448873695004, -51.21473359157071, -47.8964671477694, -45.24728130855433, -43.87681788162332
/rds/general/user/dtj20/home/signals/NUANCE_SIGNALS/all/D2_1580-141083-0000.wav, -45.735393804079976, -48.21990144734649, -51.206097168626066, -49.64005507854986, -47.88428740760729, -46.7720661910454, -46.21635779214393
/rds/general/user/dtj20/home/signals/NUANCE_SIGNALS/all/P1_1580-141083-0004.wav, -44.80866159037135, -45.972568494580635, -46.44723725703894, -47.14971243144465, -46.6442452292413, -44.61149768755692, -44.40563684561097
/rds/general/user/dtj20/home/signals/NUANCE_SIGNALS/all/D1_1580-141083-0004.wav, -47.70186633980876, -48.7828327943229, -51.54642879793661, -50.111725373557164, -47.6622211667936, -45.908641226819086, -45.364477578178075
/rds/general/user/dtj20/home/signals/NUANCE_SIGNALS/all/D2_1284-1180-0011.wav, -41.039474608585486, -43.47063989374355, -48.015644581370545, -46.8689155666607, -42.952476098040364, -40.570051464433504, -39.481077419081956
/rds/general/user/dtj20/home/signals/NUANCE_SIGNALS/all/P2_1580-141083-0008.wav, -41.493053171804235, -43.48404289620589, -45.68979560635035, -44.345285226494354, -41.80186406130691, -40.397979762572476, -40.72244025060552
/rds/general/user/dtj20/home/signals/NUANCE_SIGNALS/all/D2_3575-170457-0020.wav, -42.41371199315988, -43.79307460157892, -47.946580683759066, -46.58047062733875, -42.019548707074925, -39.53690248107643, -38.9790538961827
/rds/general/user/dtj20/home/signals/NUANCE_SIGNALS/all/D2_2300-131720-0008.wav, -44.4498519415647, -47.03427856274895, -49.3149648763506, -46.21312803636969, -43.69018081079311, -43.543089171140046, -43.24660299814906
/rds/general/user/dtj20/home/signals/NUANCE_SIGNALS/all/P2_1995-1826-0015.wav, -41.2340306944714, -42.9969126504761, -47.464154369526256, -47.060214770661474, -43.385309311092115, -41.43724962166782, -41.15716163666281
/rds/general/user/dtj20/home/signals/NUANCE_SIGNALS/all/D1_3570-5694-0012.wav, -45.61173605119146, -47.759896824133925, -51.675859210066584, -50.58993719644583, -46.864017774078235, -44.25572974089661, -43.081759629265015
/rds/general/user/dtj20/home/signals/NUANCE_SIGNALS/all/P1_1995-1826-0017.wav, -47.645498304742546, -49.54175212887604, -52.920154633686, -51.63751827262235, -48.691601398975386, -46.488044004301486, -45.81278361741649
/rds/general/user/dtj20/home/signals/NUANCE_SIGNALS/all/D1_1995-1826-0015.wav, -47.47699080402909, -49.19373855483707, -52.454774767823906, -51.102342360300014, -47.56168532232472, -44.84515340341041, -43.48882638283914
/rds/general/user/dtj20/home/signals/NUANCE_SIGNALS/all/D1_1995-1826-0009.wav, -48.26514095866207, -49.82987015324944, -52.87802042507141, -51.559146036849306, -48.431285839314775, -46.13764755186894, -44.82269305902241
/rds/general/user/dtj20/home/signals/NUANCE_SIGNALS/all/D1_237-126133-0007.wav, -46.64989996470634, -48.19916413852902, -51.1469148816088, -49.63816967133515, -46.01226298214637, -43.58277773394869, -43.13717433456836
/rds/general/user/dtj20/home/signals/NUANCE_SIGNALS/all/D1_1089-134686-0000.wav, -46.626137464898385, -48.26869708279769, -50.91502604932756, -50.283206470177404, -46.85520948104701, -44.897290315047826, -44.316185872621105
/rds/general/user/dtj20/home/signals/NUANCE_SIGNALS/all/P1_1995-1826-0000.wav, -48.3684835827856, -50.91561874742343, -55.02158072267851, -54.08525391520893, -50.47769505575822, -47.77121503082491, -46.31229152189566
/rds/general/user/dtj20/home/signals/NUANCE_SIGNALS/all/P1_1089-134686-0016.wav, -46.775373908726216, -50.48559924715745, -51.60132436675157, -48.31592740620082, -44.1044145430328, -42.11695318522363, -43.550088661340055
/rds/general/user/dtj20/home/signals/NUANCE_SIGNALS/all/P1_1995-1826-0015.wav, -45.075323250378716, -48.451784322437, -51.37451238894329, -47.036820012863096, -43.14273357583347, -41.729319995952935, -43.407202603912964
/rds/general/user/dtj20/home/signals/NUANCE_SIGNALS/all/P1_3575-170457-0000.wav, -41.67086600633178, -43.674293633797916, -46.801438939062436, -46.282919401417935, -43.05924310108636, -40.69538753118279, -40.46150035369186
/rds/general/user/dtj20/home/signals/NUANCE_SIGNALS/all/P2_3570-5694-0014.wav, -35.30813212886387, -36.92115586045256, -41.779508981600415, -41.00844564921877, -36.543318434891646, -34.52476083644622, -34.74779232002268
/rds/general/user/dtj20/home/signals/NUANCE_SIGNALS/all/P2_1089-134686-0004.wav, -39.70077942134282, -40.99958052064696, -45.15260741583799, -44.84483636251081, -41.41453818248201, -39.81533697787847, -39.649719489036926
/rds/general/user/dtj20/home/signals/NUANCE_SIGNALS/all/D1_1320-122612-0009.wav, -45.915421030237596, -46.20833403662764, -48.98810519459729, -50.267733869003465, -46.241116120849206, -43.69212583325623, -42.71028282681415
/rds/general/user/dtj20/home/signals/NUANCE_SIGNALS/all/P1_3575-170457-0001.wav, -41.72040797214219, -44.063363143263345, -48.150918401902686, -47.03462739646738, -43.0236259014686, -41.27348023923409, -41.189891570695885
/rds/general/user/dtj20/home/signals/NUANCE_SIGNALS/all/D2_1995-1826-0015.wav, -44.66232361260208, -47.61003956094868, -52.22739258085542, -51.05377179715041, -47.64741497959829, -45.97712561875193, -45.261858051590806
/rds/general/user/dtj20/home/signals/NUANCE_SIGNALS/all/P2_2300-131720-0008.wav, -41.720473309621056, -43.72053441557783, -47.404900396602805, -46.91732937384881, -43.89862425562997, -41.77275755873313, -40.60288255289777
/rds/general/user/dtj20/home/signals/NUANCE_SIGNALS/all/P2_237-126133-0008.wav, -46.730056680416645, -48.38538422795214, -52.319540725243144, -51.7049196632768, -48.522440694814, -46.54645753245663, -46.016165062358816
/rds/general/user/dtj20/home/signals/NUANCE_SIGNALS/all/D2_1995-1826-0000.wav, -47.96970472905754, -50.20360782755563, -54.0632809743792, -52.964709631800076, -49.91929821882767, -47.788769801221484, -46.20422350185855
/rds/general/user/dtj20/home/signals/NUANCE_SIGNALS/all/P2_1580-141083-0000.wav, -43.120588429938, -44.17163265379428, -45.665233625937276, -45.47689034302476, -44.07418250017439, -43.429776925222555, -43.75375187760522
/rds/general/user/dtj20/home/signals/NUANCE_SIGNALS/all/D2_3575-170457-0001.wav, -42.07051249940783, -44.297331779391016, -48.72510563485747, -47.747644807834256, -44.334713978536946, -42.479523621657655, -41.69427943515748
/rds/general/user/dtj20/home/signals/NUANCE_SIGNALS/all/D1_3570-5694-0011.wav, -47.367661342321526, -49.2689294782208, -52.72883619436884, -51.46934350682148, -48.366138584222895, -46.195133442660826, -45.004412346123445
/rds/general/user/dtj20/home/signals/NUANCE_SIGNALS/all/P2_2300-131720-0005.wav, -39.40307073803194, -41.87678003804213, -45.91041439232847, -45.002664950826144, -41.35758509610723, -38.78881473440151, -37.5939260804388
/rds/general/user/dtj20/home/signals/NUANCE_SIGNALS/all/P1_121-121726-0007.wav, -44.43358474466271, -46.422861369691766, -49.177284079482874, -47.22232082264762, -43.644596775543846, -41.670307191398486, -42.039933084289615
/rds/general/user/dtj20/home/signals/NUANCE_SIGNALS/all/P1_1089-134686-0008.wav, -47.67726446793043, -49.54535597448846, -52.352497711795316, -51.51046059440755, -48.451600762516314, -46.33764515309855, -45.846055798160066
/rds/general/user/dtj20/home/signals/NUANCE_SIGNALS/all/D1_237-126133-0008.wav, -43.12439312519483, -44.215119759014584, -48.022353424055986, -46.04271832830462, -40.86008837487515, -37.567544138063276, -36.18616878125894
/rds/general/user/dtj20/home/signals/NUANCE_SIGNALS/all/P1_3575-170457-0020.wav, -41.989196308621445, -44.54374861492656, -49.01991794712628, -47.46509071033506, -43.21836234631972, -40.981014155671, -40.87808688386178
/rds/general/user/dtj20/home/signals/NUANCE_SIGNALS/all/D2_121-121726-0004.wav, -45.61956709514999, -47.30366710716996, -50.796472687508654, -49.59177166785235, -46.47157901183223, -44.84409579948476, -44.5509476503386
/rds/general/user/dtj20/home/signals/NUANCE_SIGNALS/all/D2_3570-5694-0011.wav, -41.68834941012909, -44.88027314368999, -47.720605953574314, -43.6066029259102, -38.797960837976476, -37.448693528412406, -39.26239405863826
/rds/general/user/dtj20/home/signals/NUANCE_SIGNALS/all/D2_1580-141083-0013.wav, -40.83094671477498, -43.07883686933166, -45.47723782001211, -42.96346325684986, -41.949756370381984, -39.98254794611859, -39.30814652433506
/rds/general/user/dtj20/home/signals/NUANCE_SIGNALS/all/P1_3575-170457-0013.wav, -37.80289868371369, -44.24139436235892, -47.931162574800496, -40.60522667087099, -34.66277416554939, -32.01285242697068, -32.740523995424326
/rds/general/user/dtj20/home/signals/NUANCE_SIGNALS/all/D2_1580-141083-0008.wav, -43.334222034304446, -45.087675678256986, -48.12404739767469, -47.069253717235064, -43.55981834024466, -42.18304825743664, -42.477676192456585
/rds/general/user/dtj20/home/signals/NUANCE_SIGNALS/all/P2_1995-1826-0017.wav, -46.11644640635436, -48.38016808905232, -51.924080012634874, -51.40753859857022, -48.261725665715474, -45.75884616287206, -44.42468816570127
/rds/general/user/dtj20/home/signals/NUANCE_SIGNALS/all/P2_1320-122612-0001.wav, -40.352429588334, -41.05519789188715, -42.49279694322955, -42.26898379623159, -39.652924279391414, -40.03030903095446, -39.24177980614097
/rds/general/user/dtj20/home/signals/NUANCE_SIGNALS/all/P2_121-121726-0004.wav, -41.3371450344484, -42.602007967425386, -46.609730604009165, -46.45162092512723, -43.59901810427396, -42.373321423512486, -42.45424346793287
/rds/general/user/dtj20/home/signals/NUANCE_SIGNALS/all/D1_2300-131720-0016.wav, -43.59870240842347, -45.80368740914595, -47.62553788718431, -47.365973997295185, -42.36041635279786, -40.1363871463885, -40.439735922526346
/rds/general/user/dtj20/home/signals/NUANCE_SIGNALS/all/P1_1320-122612-0009.wav, -42.044653250511395, -46.31538412991581, -46.60530087031844, -46.42504650935433, -42.916227105576006, -39.86713925456845, -40.096237244139445
/rds/general/user/dtj20/home/signals/NUANCE_SIGNALS/all/P1_1580-141083-0000.wav, -44.51758916742149, -45.81038692584508, -49.20348844858456, -43.76598188390833, -42.66714084541937, -41.96255772325799, -41.28416703230327
/rds/general/user/dtj20/home/signals/NUANCE_SIGNALS/all/P2_3575-170457-0001.wav, -37.28463511003013, -39.49808076588407, -43.96173499549525, -42.78100055180416, -38.33758989533809, -36.1718718469886, -35.94626122686759
/rds/general/user/dtj20/home/signals/NUANCE_SIGNALS/all/D1_3575-170457-0020.wav, -40.12627374656746, -42.898862636253334, -47.43160731117662, -44.553026456024554, -38.86035981032677, -35.38511779079188, -34.2213229452646
/rds/general/user/dtj20/home/signals/NUANCE_SIGNALS/all/P1_2300-131720-0005.wav, -41.91425854650559, -44.413390033221376, -48.47587398234107, -46.958197998982016, -43.4764331260172, -40.965992154426786, -39.895217910958
/rds/general/user/dtj20/home/signals/NUANCE_SIGNALS/all/D1_3575-170457-0008.wav, -46.13859081943603, -47.98113952950095, -51.156362144858946, -49.90963722631105, -47.1475392838473, -44.790760124163086, -44.1916808358203
/rds/general/user/dtj20/home/signals/NUANCE_SIGNALS/all/P1_237-126133-0006.wav, -44.26654317679347, -46.1315474484702, -50.01717044157604, -46.65174981564345, -42.721705623588406, -40.761182249982724, -40.76617280640903
/rds/general/user/dtj20/home/signals/NUANCE_SIGNALS/all/P1_1320-122612-0012.wav, -41.53747261618703, -46.66662350876783, -48.634826798036954, -44.717238902647985, -43.086954453550135, -41.53213369721074, -41.0525645720074
/rds/general/user/dtj20/home/signals/NUANCE_SIGNALS/all/D2_1320-122612-0016.wav, -46.801925525048375, -48.53499612888922, -51.22425083809901, -50.48235232967922, -48.151605516184894, -46.76457537953827, -46.12311989796606
/rds/general/user/dtj20/home/signals/NUANCE_SIGNALS/all/D1_1580-141083-0000.wav, -47.163629542646504, -48.05899707488812, -49.91493051588805, -48.224009476707444, -45.8251439810262, -43.9448675528389, -43.58408033651531
/rds/general/user/dtj20/home/signals/NUANCE_SIGNALS/all/D2_1089-134686-0022.wav, -45.86942364977081, -48.38703520453001, -50.86533705393687, -51.86480977194044, -48.560262587556046, -45.716857206553655, -45.19672606523144
/rds/general/user/dtj20/home/signals/NUANCE_SIGNALS/all/D1_1995-1826-0000.wav, -48.71285023661494, -50.720335311083424, -53.84178517838432, -52.55956690947322, -49.59727106818668, -47.14590436716752, -45.99456612423617
/rds/general/user/dtj20/home/signals/NUANCE_SIGNALS/all/P2_2300-131720-0016.wav, -40.28507428945651, -42.24868419700144, -45.91997147525117, -45.13469855056273, -42.071927467228285, -39.985247625788595, -39.23461476433454
/rds/general/user/dtj20/home/signals/NUANCE_SIGNALS/all/D2_237-126133-0001.wav, -43.59696999377946, -45.90440510299583, -50.540479215926446, -46.224334548047054, -47.50086696685648, -44.54057515914322, -45.741287892157914
/rds/general/user/dtj20/home/signals/NUANCE_SIGNALS/all/P1_1995-1826-0009.wav, -47.00463606484779, -50.76193015926944, -50.879355263241195, -51.449846747634936, -48.05181967088294, -46.063010666710184, -45.38737922430641
/rds/general/user/dtj20/home/signals/NUANCE_SIGNALS/all/P2_3570-5694-0012.wav, -42.06291068786585, -44.22525309609776, -49.01275462288037, -48.03057193988324, -43.516358641580624, -40.87697099930502, -39.73200275565118
/rds/general/user/dtj20/home/signals/NUANCE_SIGNALS/all/P2_2300-131720-0013.wav, -40.55159956171291, -42.12502941916499, -45.15458099425592, -44.40428477965127, -42.5269244621725, -40.69554928378302, -40.16199097315684
/rds/general/user/dtj20/home/signals/NUANCE_SIGNALS/all/D1_1580-141083-0014.wav, -44.08286773866137, -45.108808003181345, -47.076805765340296, -45.25720409714129, -43.007317923014284, -41.09655044603585, -39.80929184408679
/rds/general/user/dtj20/home/signals/NUANCE_SIGNALS/all/P1_237-126133-0001.wav, -35.48154673595674, -42.82788749469943, -48.295512479944705, -38.545159299211065, -32.50234759691034, -30.32863289546103, -31.956511085804667
/rds/general/user/dtj20/home/signals/NUANCE_SIGNALS/all/P2_1580-141083-0004.wav, -43.23362745557296, -44.569582985288136, -48.00867073787289, -47.62786974797406, -45.12594505656894, -43.65499163201938, -43.89643740852638
/rds/general/user/dtj20/home/signals/NUANCE_SIGNALS/all/D1_3570-5694-0005.wav, -48.27134511826624, -48.61200399734918, -52.07630453618855, -49.21617899572716, -48.28194727255646, -47.789943250703324, -46.52661817123214
/rds/general/user/dtj20/home/signals/NUANCE_SIGNALS/all/D1_1284-1180-0003.wav, -44.809477715548844, -47.07501269676156, -51.456735049094746, -50.50647455865978, -46.45896318850865, -43.65681574661066, -42.280915760387416
/rds/general/user/dtj20/home/signals/NUANCE_SIGNALS/all/P1_3570-5694-0004.wav, -45.17635446926442, -46.85643747080813, -50.340131727645925, -49.57791633993165, -46.180238797986775, -44.2777219491148, -43.977509131528585
/rds/general/user/dtj20/home/signals/NUANCE_SIGNALS/all/P1_2300-131720-0014.wav, -46.11058991851816, -48.41905026358951, -50.85860106078619, -49.21397771182983, -46.585152245083265, -44.626173836253756, -44.43099551908014
/rds/general/user/dtj20/home/signals/NUANCE_SIGNALS/all/P2_237-126133-0006.wav, -39.10213947890193, -40.48896940622022, -45.07442159040542, -45.950907883267014, -43.325322416674595, -41.64740907218985, -40.98617559919825
/rds/general/user/dtj20/home/signals/NUANCE_SIGNALS/all/P2_237-126133-0000.wav, -43.75716384091216, -45.28827125237907, -48.68466945887345, -48.12547789305767, -45.17318899666378, -43.62650197500065, -43.36645973881669
/rds/general/user/dtj20/home/signals/NUANCE_SIGNALS/all/D2_237-126133-0008.wav, -49.93052417989507, -51.66486151803579, -55.24726984223538, -54.33177336333253, -51.229578994129206, -49.53292110084409, -49.017072579949726
/rds/general/user/dtj20/home/signals/NUANCE_SIGNALS/all/D1_1284-1180-0017.wav, -45.04746900895874, -46.99959982567553, -51.12252959681526, -49.77326136736239, -45.24791155816472, -42.269097266838244, -40.944126184815204
/rds/general/user/dtj20/home/signals/NUANCE_SIGNALS/all/P1_2300-131720-0008.wav, -42.740105834713866, -45.5022428889726, -49.30162882175645, -48.02878122538189, -44.16742908021132, -41.84213941734211, -41.652932956514555
/rds/general/user/dtj20/home/signals/NUANCE_SIGNALS/all/P2_1284-1180-0017.wav, -42.67507705769957, -45.062592632803884, -49.30567317867375, -48.529549311997265, -44.707462694372595, -42.00133369143036, -40.72764067972379
/rds/general/user/dtj20/home/signals/NUANCE_SIGNALS/all/P2_1995-1826-0009.wav, -45.64099621422123, -47.81893850107026, -51.908508862376806, -51.262485785010874, -47.90206022675646, -45.54544356168327, -44.32691444678934
/rds/general/user/dtj20/home/signals/NUANCE_SIGNALS/all/D1_2300-131720-0008.wav, -46.14991633518763, -47.452975843252965, -49.958529981553724, -48.75725180672401, -46.37769112116929, -44.206587351859035, -43.801509889530806
/rds/general/user/dtj20/home/signals/NUANCE_SIGNALS/all/D2_1320-122612-0001.wav, -38.36541003878219, -41.200917810493856, -47.72309099776089, -46.922740869330504, -44.204761652631234, -42.36505855436471, -40.068484549077894
/rds/general/user/dtj20/home/signals/NUANCE_SIGNALS/all/P1_237-126133-0007.wav, -43.4591528881461, -46.44989734194567, -50.522331129465464, -47.09875805153895, -42.14087581830964, -40.11262032176909, -41.05723440725052
/rds/general/user/dtj20/home/signals/NUANCE_SIGNALS/all/D2_1580-141083-0014.wav, -42.107943758666536, -44.13570844580144, -47.60118013988178, -47.032939520402834, -44.301805535101835, -42.84860257291494, -42.54455829567294
/rds/general/user/dtj20/home/signals/NUANCE_SIGNALS/all/P1_1089-134686-0022.wav, -45.447231127706786, -47.795854102259284, -51.99623500336638, -50.127191672317835, -45.50883729938556, -42.9366224028357, -42.450732722293296
/rds/general/user/dtj20/home/signals/NUANCE_SIGNALS/all/D2_1320-122612-0012.wav, -39.469930748306716, -41.926109350218745, -45.93082669067407, -43.25009815223781, -37.466180310609495, -33.77781877412774, -32.25757437830269
/rds/general/user/dtj20/home/signals/NUANCE_SIGNALS/all/P2_1995-1826-0000.wav, -45.625229888670475, -48.23646380764585, -52.71208392192952, -52.151385055067706, -48.271640432592484, -45.499117447969994, -43.87968462043811
/rds/general/user/dtj20/home/signals/NUANCE_SIGNALS/all/D1_1089-134686-0016.wav, -49.90006915536333, -51.21595156025854, -53.97924701474945, -52.91102216381867, -50.24896532785989, -48.549799012639774, -47.80632923656353
/rds/general/user/dtj20/home/signals/NUANCE_SIGNALS/all/P1_1320-122612-0013.wav, -46.596946429934306, -48.24879258697274, -49.684142257912754, -48.72764111774315, -47.065574327476654, -45.240700771406125, -44.68758614885309
/rds/general/user/dtj20/home/signals/NUANCE_SIGNALS/all/P2_1089-134686-0016.wav, -45.69271170547779, -45.61591883607993, -49.10712250391106, -48.716005897818434, -45.95549278446362, -45.186529493406695, -45.4576261987488
/rds/general/user/dtj20/home/signals/NUANCE_SIGNALS/all/P1_1580-141083-0013.wav, -34.9947139805601, -37.13668195408149, -39.07887527111483, -41.05750600649803, -39.133964076775534, -36.376366918862054, -36.93803390120708
/rds/general/user/dtj20/home/signals/NUANCE_SIGNALS/all/P1_1284-1180-0017.wav, -43.75407437016102, -47.23127646903299, -51.37502394414493, -48.191947491897984, -43.37526178862126, -41.373485195492215, -41.98057679681362
/rds/general/user/dtj20/home/signals/NUANCE_SIGNALS/all/P2_1580-141083-0013.wav, -37.8286937589494, -39.51106831343188, -43.14863230825856, -42.17617205635861, -38.97141197471625, -37.022839539637324, -36.90544548719053
/rds/general/user/dtj20/home/signals/NUANCE_SIGNALS/all/P2_121-121726-0003.wav, -35.64527074716886, -37.06210314866654, -41.36774779347647, -42.21123025180358, -40.26713824309829, -39.08753471942849, -38.70300173683249
/rds/general/user/dtj20/home/signals/NUANCE_SIGNALS/all/P1_1284-1180-0014.wav, -46.125622307687124, -48.678619714097806, -52.63795339403448, -51.54288346212973, -47.44845046157977, -45.0561281745155, -44.01260811963765
/rds/general/user/dtj20/home/signals/NUANCE_SIGNALS/all/D2_237-126133-0006.wav, -45.45918462481141, -47.35295111250032, -51.2841360871412, -50.26936291819922, -46.60465546388597, -44.620373952607075, -43.9771726340888
/rds/general/user/dtj20/home/signals/NUANCE_SIGNALS/all/D1_1580-141083-0013.wav, -43.468019131593685, -44.70418711371699, -47.74476677437349, -45.89932034441573, -42.60065418733582, -40.28109635071709, -39.28604913681823
/rds/general/user/dtj20/home/signals/NUANCE_SIGNALS/all/D2_3570-5694-0014.wav, -45.55967117187225, -47.91503043802472, -51.95594689601286, -50.25827277807903, -46.75856272481509, -44.66695039004816, -43.6156794553515
/rds/general/user/dtj20/home/signals/NUANCE_SIGNALS/all/P1_2300-131720-0016.wav, -43.306140576375995, -45.30435533025862, -48.98460786969332, -46.98630346954871, -43.44239367536651, -41.825558121803354, -41.18813417379602
/rds/general/user/dtj20/home/signals/NUANCE_SIGNALS/all/P1_121-121726-0009.wav, -43.92476673671165, -45.94246995024943, -49.538608831599575, -48.218483038037405, -44.41648378226404, -42.60180941600099, -42.85912943858166
/rds/general/user/dtj20/home/signals/NUANCE_SIGNALS/all/D2_121-121726-0000.wav, -43.73402091012391, -45.493389606692304, -49.261487177891794, -48.41956632280564, -45.41193799869543, -44.21944401891277, -43.69790860641726
/rds/general/user/dtj20/home/signals/NUANCE_SIGNALS/all/P1_1089-134686-0000.wav, -43.95964885780689, -47.579694853595456, -51.110259991398735, -46.65470575932805, -41.29135979430269, -39.01896807469548, -39.80702166178061
/rds/general/user/dtj20/home/signals/NUANCE_SIGNALS/all/P1_2300-131720-0013.wav, -43.55648146219508, -45.534761698514686, -48.588313440421935, -47.01985221820364, -43.53727973040343, -41.62041137090263, -41.53009725065918
/rds/general/user/dtj20/home/signals/NUANCE_SIGNALS/all/D1_237-126133-0001.wav, -47.412488270655444, -49.00126502874083, -51.8555098665406, -50.186610650261095, -46.40106747682361, -43.75272030590152, -43.26886911934401
/rds/general/user/dtj20/home/signals/NUANCE_SIGNALS/all/P1_1580-141083-0014.wav, -41.665648046501104, -43.2778870555172, -45.11775362783702, -44.40331494315251, -42.158111190201225, -40.32394032040145, -39.598264235460604
/rds/general/user/dtj20/home/signals/NUANCE_SIGNALS/all/D2_1580-141083-0004.wav, -44.645190935693705, -47.146190306307346, -46.450902879352824, -47.97134263077779, -41.92029384211437, -41.50628334027022, -41.192741763898006
/rds/general/user/dtj20/home/signals/NUANCE_SIGNALS/all/P1_1995-1826-0021.wav, -48.076280522179324, -50.24986586573454, -53.380417496040415, -52.78589756643208, -49.75271771160857, -47.39526419924054, -46.341164506132614
/rds/general/user/dtj20/home/signals/NUANCE_SIGNALS/all/P1_237-126133-0000.wav, -45.106257068296514, -46.58511720499662, -50.12790054270208, -49.06942199010948, -45.046219763107686, -42.592168311405985, -42.247918583202846
/rds/general/user/dtj20/home/signals/NUANCE_SIGNALS/all/D2_2300-131720-0014.wav, -44.78887631409076, -47.606183869983084, -51.4139967599433, -50.56834056831541, -47.62676664326355, -45.94966250360347, -45.51436716744453
/rds/general/user/dtj20/home/signals/NUANCE_SIGNALS/all/D1_1580-141083-0008.wav, -45.684067857785, -47.45723846887489, -50.15299747519929, -47.27676480413241, -44.078977472838275, -42.70645389639098, -42.83691794808226
/rds/general/user/dtj20/home/signals/NUANCE_SIGNALS/all/P1_1284-1180-0011.wav, -39.43930440274691, -42.20552942355984, -46.867754922106116, -46.37595950971277, -42.35873155653586, -39.82971403149443, -38.97302251061818
/rds/general/user/dtj20/home/signals/NUANCE_SIGNALS/all/P2_237-126133-0001.wav, -42.623466120584126, -43.186762322225164, -46.846489112473236, -46.92941630689441, -42.863040950761444, -42.25550259693012, -43.40100914457484
/rds/general/user/dtj20/home/signals/NUANCE_SIGNALS/all/D2_121-121726-0009.wav, -44.30966253860956, -45.60030949066678, -48.9442292613453, -47.9088282374519, -44.75097713119587, -43.10147277275547, -42.271332964778466
/rds/general/user/dtj20/home/signals/NUANCE_SIGNALS/all/D1_121-121726-0003.wav, -42.87468642604762, -44.165698345031636, -46.97911135328195, -44.3607578382154, -41.589508221514464, -39.64680822011435, -39.28516479103777
/rds/general/user/dtj20/home/signals/NUANCE_SIGNALS/all/D2_1320-122612-0009.wav, -45.135365139901175, -47.68360664701979, -51.191601927105374, -49.553262612283675, -45.916792933467214, -44.020693006181986, -43.33339645409933
/rds/general/user/dtj20/home/signals/NUANCE_SIGNALS/all/D2_121-121726-0007.wav, -42.019689878623545, -43.08671300858379, -46.65796501197315, -45.35051035298879, -41.99620932461971, -41.68165199192555, -42.937995941559784
/rds/general/user/dtj20/home/signals/NUANCE_SIGNALS/all/D1_3570-5694-0004.wav, -35.32725870680252, -36.66249777620393, -41.75316326457277, -45.27048702129939, -42.82120753920054, -39.864788589771514, -38.99101259169499
/rds/general/user/dtj20/home/signals/NUANCE_SIGNALS/all/D2_1284-1180-0001.wav, -45.275060234372184, -47.71844677076675, -52.15055702517388, -51.382368060841145, -47.59961448046231, -45.303443062484305, -44.22040439146861
/rds/general/user/dtj20/home/signals/NUANCE_SIGNALS/all/P1_3570-5694-0012.wav, -42.04570292114081, -44.403584434640095, -49.64519370521269, -48.56025063202867, -43.568908139359124, -41.14095520746383, -41.21853967612103
/rds/general/user/dtj20/home/signals/NUANCE_SIGNALS/all/D1_1995-1826-0017.wav, -47.97544691585982, -49.65241892139953, -52.77798023312155, -51.80338188157529, -49.17051321127932, -46.96746531109933, -45.821616881627996
/rds/general/user/dtj20/home/signals/NUANCE_SIGNALS/all/D1_2300-131720-0005.wav, -43.1338390491807, -43.41629270525801, -46.50642769879087, -45.4442067084633, -41.81721312680036, -40.975285553923484, -39.91228522766608
/rds/general/user/dtj20/home/signals/NUANCE_SIGNALS/all/P2_121-121726-0000.wav, -40.86314717226224, -42.27183317339541, -46.33003351317389, -46.48058811548449, -43.56124764633249, -41.85617084196825, -41.15452488791596
/rds/general/user/dtj20/home/signals/NUANCE_SIGNALS/all/D1_1284-1180-0011.wav, -40.67021604140252, -43.38744100385763, -47.80549088150585, -45.796327119385055, -40.96316327850687, -37.63313024298006, -36.375720855286254
/rds/general/user/dtj20/home/signals/NUANCE_SIGNALS/all/D1_1320-122612-0012.wav, -44.68667843726314, -46.70432296101361, -46.66749897044375, -49.42019385650043, -43.126187148172626, -41.14806453403227, -42.62783701610536
/rds/general/user/dtj20/home/signals/NUANCE_SIGNALS/all/P1_121-121726-0003.wav, -40.49499980236633, -42.15657822509126, -46.04700412041908, -45.28034365394905, -41.677307159409935, -39.960323982461276, -39.37455840692634
/rds/general/user/dtj20/home/signals/NUANCE_SIGNALS/all/D2_3570-5694-0004.wav, -45.18217158392932, -47.99340874950654, -51.47930495880058, -50.27955818304409, -46.43734533956149, -44.76541399626191, -44.824773937671864
/rds/general/user/dtj20/home/signals/NUANCE_SIGNALS/all/D1_237-126133-0006.wav, -46.91036179061626, -48.47827951127635, -51.544602785177354, -49.966890779549914, -46.32015842586574, -44.03663423558303, -43.39647753741514
/rds/general/user/dtj20/home/signals/NUANCE_SIGNALS/all/D2_237-126133-0007.wav, -45.178306337222295, -46.87341357937391, -50.794429191071224, -49.821096497749195, -46.64704234671116, -44.982683063559115, -44.512540509298674
/rds/general/user/dtj20/home/signals/NUANCE_SIGNALS/all/P1_3570-5694-0011.wav, -46.733045161581686, -48.95512860251663, -51.74095735503081, -51.619543544037796, -48.51462948147149, -46.160511462106754, -45.199430118890206
/rds/general/user/dtj20/home/signals/NUANCE_SIGNALS/all/P2_1320-122612-0012.wav, -44.39483620283629, -45.96343225392111, -48.376220791251036, -47.51227540264776, -45.75686667899295, -44.071532092998396, -43.63566033351594
/rds/general/user/dtj20/home/signals/NUANCE_SIGNALS/all/P2_3570-5694-0005.wav, -46.47790372825636, -48.199035840585964, -51.998118158564026, -51.61799297213023, -48.67618689450118, -46.68822758701072, -45.66054901235995
/rds/general/user/dtj20/home/signals/NUANCE_SIGNALS/all/D2_1320-122612-0013.wav, -46.44964123394965, -48.36341494427643, -50.577863708220114, -51.11307688458922, -49.1692367802311, -47.32436131423764, -46.60576346207939
/rds/general/user/dtj20/home/signals/NUANCE_SIGNALS/all/P2_3575-170457-0008.wav, -42.01654589334693, -43.95313120121267, -48.15201824808787, -47.19405771936639, -43.09759741940071, -40.53362919551655, -39.44517175902626
/rds/general/user/dtj20/home/signals/NUANCE_SIGNALS/all/D2_3570-5694-0012.wav, -46.45364347148696, -48.5320316283443, -52.9706717798244, -52.51861351971705, -48.46290411538426, -46.26925395738124, -45.10844744554908
/rds/general/user/dtj20/home/signals/NUANCE_SIGNALS/all/P2_2300-131720-0014.wav, -43.861651983188004, -45.2553169916323, -47.82477110109974, -46.79969908786375, -45.13722831224737, -43.74004121367982, -43.088328991256205
/rds/general/user/dtj20/home/signals/NUANCE_SIGNALS/all/P2_121-121726-0009.wav, -40.20829396386467, -42.9659479412956, -44.68632159927751, -44.53261867906431, -43.00369891161424, -41.202919798154966, -41.872889845702126
/rds/general/user/dtj20/home/signals/NUANCE_SIGNALS/all/P2_3570-5694-0004.wav, -44.32932350066303, -46.12150773466038, -49.10470188866338, -48.60946441634869, -46.2463193333901, -44.290827457841225, -43.465802623735556
/rds/general/user/dtj20/home/signals/NUANCE_SIGNALS/all/D1_1089-134686-0004.wav, -43.0164763763333, -44.914735486510324, -48.60549873902322, -46.81672904294345, -42.604863576423774, -39.823387636726075, -38.53591224075201
/rds/general/user/dtj20/home/signals/NUANCE_SIGNALS/all/P2_3575-170457-0020.wav, -38.76571996376348, -40.81614549776181, -45.137416190410526, -43.82294448320429, -39.28470113711728, -37.128966620442, -37.33533672695071
/rds/general/user/dtj20/home/signals/NUANCE_SIGNALS/all/D2_2300-131720-0016.wav, -41.83354983182264, -44.18796346096974, -46.9654595505436, -47.51150929940926, -43.59096206997301, -41.77096354931862, -41.14929585275022
/rds/general/user/dtj20/home/signals/NUANCE_SIGNALS/all/D2_1995-1826-0009.wav, -44.76914396782963, -47.52357162074116, -50.56957308285432, -49.0987672046646, -45.823082047317634, -45.88194577364437, -44.255141105718955
/rds/general/user/dtj20/home/signals/NUANCE_SIGNALS/all/D2_3570-5694-0005.wav, -47.7640513670071, -50.2367436906691, -54.34033663838299, -53.05098442604339, -49.61506844926423, -47.90622179879482, -46.999784855816564
/rds/general/user/dtj20/home/signals/NUANCE_SIGNALS/all/D2_1089-134686-0004.wav, -43.04485204722113, -45.419392090738626, -49.716465858758674, -48.576134749969, -44.980497538796556, -43.332570840379276, -42.90466850455839
/rds/general/user/dtj20/home/signals/NUANCE_SIGNALS/all/P2_237-126133-0007.wav, -40.81631735611915, -42.5964942259336, -47.014980182790126, -46.17580193598204, -42.2952281394637, -40.19611138657976, -39.935612852881036
/rds/general/user/dtj20/home/signals/NUANCE_SIGNALS/all/P2_1320-122612-0016.wav, -44.738165823850906, -46.31833575228861, -49.57704767463403, -48.875662584739025, -46.32632311782578, -44.65125000716461, -43.96925325976122
/rds/general/user/dtj20/home/signals/NUANCE_SIGNALS/all/D2_2300-131720-0005.wav, -41.287849424038654, -43.45120254932524, -47.567368374357116, -45.701820059708126, -40.99710992278462, -38.05391662272807, -36.866149749013246
/rds/general/user/dtj20/home/signals/NUANCE_SIGNALS/all/D1_3575-170457-0001.wav, -42.21708171579182, -44.094664977650126, -48.166327255725946, -46.95044957481337, -43.222684024606544, -40.94658814222804, -40.25386196097938
/rds/general/user/dtj20/home/signals/NUANCE_SIGNALS/all/P2_1284-1180-0011.wav, -37.65940956850725, -39.984132393339834, -44.497831942034445, -44.12982138278193, -40.12211779426523, -37.52836823651235, -36.46451948202603
/rds/general/user/dtj20/home/signals/NUANCE_SIGNALS/all/P1_1320-122612-0001.wav, -40.693068168023956, -41.19099642021365, -43.77240192017396, -39.79490665006652, -37.68852488672758, -39.698846584214635, -34.88443129481681
/rds/general/user/dtj20/home/signals/NUANCE_SIGNALS/all/D1_237-126133-0000.wav, -47.26687010239853, -48.65403560405757, -51.06551732284362, -48.979623779105886, -45.96734643116473, -43.940566891727066, -43.45039474323988
/rds/general/user/dtj20/home/signals/NUANCE_SIGNALS/all/P2_3570-5694-0011.wav, -44.25019046072037, -46.55421543657492, -50.55271476888074, -49.48730091497572, -46.44435424366824, -44.10805537249908, -42.896562670139005
/rds/general/user/dtj20/home/signals/NUANCE_SIGNALS/all/P2_1284-1180-0003.wav, -41.327312773128895, -43.509250085607576, -48.29845199840924, -47.51230964335387, -43.233737845413984, -40.76814178597746, -39.936088162451526
/rds/general/user/dtj20/home/signals/NUANCE_SIGNALS/all/P1_1284-1180-0001.wav, -40.6277584896434, -41.947691323946344, -46.54273599626833, -42.078056802446824, -39.55999751456373, -39.733389832970104, -39.28707013382468
/rds/general/user/dtj20/home/signals/NUANCE_SIGNALS/all/D2_1284-1180-0014.wav, -46.203703205033584, -48.61058322371191, -53.14106627219446, -51.992332200879616, -48.6545774187457, -46.51820079413891, -45.211032169446
/rds/general/user/dtj20/home/signals/NUANCE_SIGNALS/all/P2_1284-1180-0014.wav, -43.204056738370724, -45.26020911173081, -49.73479639753464, -48.922532448101244, -44.89136714360843, -42.050787418092064, -40.820859048276795
/rds/general/user/dtj20/home/signals/NUANCE_SIGNALS/all/D2_1284-1180-0003.wav, -40.81904634612421, -43.3404185163402, -48.32646054957479, -47.287056207166145, -42.45067480258988, -39.421696459043, -38.03290007941275
/rds/general/user/dtj20/home/signals/NUANCE_SIGNALS/all/D1_1284-1180-0014.wav, -46.861282220504734, -48.96843437023069, -52.857648339656066, -51.76760306408789, -48.11181557995966, -45.750297265643496, -44.53579385971665
/rds/general/user/dtj20/home/signals/NUANCE_SIGNALS/all/P1_1284-1180-0003.wav, -39.16729355728584, -42.178538189127266, -47.71597165454499, -47.14078808421141, -42.976962895517524, -40.718084433129846, -40.221868990774816
/rds/general/user/dtj20/home/signals/NUANCE_SIGNALS/all/D2_1995-1826-0017.wav, -46.98682818493678, -49.09451853561414, -52.340844270392495, -51.373153918943196, -48.56597854048722, -46.61630971075838, -45.61768981212613
/rds/general/user/dtj20/home/signals/NUANCE_SIGNALS/all/D1_121-121726-0009.wav, -45.59258775348424, -46.87901825599498, -47.54224636911246, -44.92603950750616, -43.99373270348734, -42.51901678394361, -40.5215287605556
/rds/general/user/dtj20/home/signals/NUANCE_SIGNALS/all/D2_2300-131720-0013.wav, -42.78815768223594, -46.073175136394944, -49.61343093146329, -48.606596857720945, -44.892300261928646, -43.631305486967975, -42.97180080230346
/rds/general/user/dtj20/home/signals/NUANCE_SIGNALS/all/P2_1089-134686-0008.wav, -45.16720673839737, -46.78859013070722, -50.29464105649396, -49.78125273650849, -46.56463953043164, -44.46610045510979, -43.88987463237783
/rds/general/user/dtj20/home/signals/NUANCE_SIGNALS/all/P1_237-126133-0008.wav, -49.397540440155865, -51.52812960755324, -55.253103343721264, -53.52984947422536, -49.377998067685326, -47.18828668361522, -46.96191524692133
/rds/general/user/dtj20/home/signals/NUANCE_SIGNALS/all/D2_3575-170457-0008.wav, -46.04406640457249, -47.163705308376116, -51.196330393737846, -48.861979402463646, -47.80591258797106, -45.92750401719351, -44.05476507517448
/rds/general/user/dtj20/home/signals/NUANCE_SIGNALS/all/D2_3575-170457-0013.wav, -44.91195153661168, -46.871666565764784, -50.35564967372113, -49.81604595975994, -46.66616492729328, -44.97197217272728, -44.71117860800429
/rds/general/user/dtj20/home/signals/NUANCE_SIGNALS/all/P1_1089-134686-0004.wav, -41.80704866926177, -43.89920317752736, -47.76574580461479, -46.928821456209036, -42.93303976383636, -40.779354274093066, -40.669340049416185
/rds/general/user/dtj20/home/signals/NUANCE_SIGNALS/all/D2_1089-134686-0008.wav, -48.09949184330033, -50.24470258611122, -53.27599926205969, -52.95066283277482, -49.25957832205598, -47.50225097050553, -46.6389337568949
/rds/general/user/dtj20/home/signals/NUANCE_SIGNALS/all/D1_2300-131720-0013.wav, -41.05615017531943, -44.35803931176462, -48.096336544405276, -43.521655429289645, -37.950966102945685, -34.54608254710392, -33.61971223502562
/rds/general/user/dtj20/home/signals/NUANCE_SIGNALS/all/D1_3575-170457-0013.wav, -43.13808839127982, -44.912542033121014, -48.901014275970354, -47.35304870330445, -42.669067432157846, -39.69564189119129, -38.50009658163969
/rds/general/user/dtj20/home/signals/NUANCE_SIGNALS/all/D2_1995-1826-0021.wav, -46.94107268168003, -49.18597968331553, -53.45281875253809, -52.57186605710662, -49.60131347964723, -47.31169918241952, -46.09292594718795
/rds/general/user/dtj20/home/signals/NUANCE_SIGNALS/all/P2_1089-134686-0000.wav, -43.01962368636842, -44.87986583550024, -49.28694887083195, -48.70304794794055, -44.909262525704904, -42.816852624355235, -42.13230195931152
/rds/general/user/dtj20/home/signals/NUANCE_SIGNALS/all/P1_1580-141083-0008.wav, -40.9092382663805, -45.379599919166395, -48.756962473257765, -43.48549702743324, -38.36162445088794, -36.29627867376509, -37.60556584998292
/rds/general/user/dtj20/home/signals/NUANCE_SIGNALS/all/P2_121-121726-0007.wav, -43.43915391214925, -44.54253505293955, -47.430234613662336, -47.048955027546285, -44.61252267658524, -43.13089242721125, -42.72251575419786
/rds/general/user/dtj20/home/signals/NUANCE_SIGNALS/all/D1_2300-131720-0014.wav, -47.1025341481608, -48.18935241882964, -51.00363572247908, -50.27905658102446, -47.09433965860634, -45.21562005760072, -44.58436299435752
/rds/general/user/dtj20/home/signals/NUANCE_SIGNALS/all/D2_237-126133-0000.wav, -45.767071958477075, -47.80963680923138, -51.06945247698267, -49.42591309251235, -45.3467252207498, -42.43471408977946, -41.526499633087326
/rds/general/user/dtj20/home/signals/NUANCE_SIGNALS/all/D2_3575-170457-0000.wav, -42.66220407547664, -44.529908711308494, -48.53754668820429, -48.14985178368477, -44.11933290431324, -42.010364752956676, -41.513710651436625
/rds/general/user/dtj20/home/signals/NUANCE_SIGNALS/all/D1_3570-5694-0014.wav, -45.05240080426332, -47.10375189077937, -50.909695627946235, -49.4231525817499, -45.25122237684121, -42.348897169694865, -41.09538538606607
/rds/general/user/dtj20/home/signals/NUANCE_SIGNALS/all/D2_121-121726-0003.wav, -41.60306801344614, -43.451196116059364, -46.91657735010598, -46.161740748714344, -42.69976320697331, -41.63794240300697, -41.58927784407
/rds/general/user/dtj20/home/signals/NUANCE_SIGNALS/all/D1_1320-122612-0001.wav, -44.53233294153709, -45.91280924941094, -48.09396963396934, -46.78294393510683, -44.899216944451666, -42.636242775603044, -41.81595225890689
/rds/general/user/dtj20/home/signals/NUANCE_SIGNALS/all/P1_121-121726-0000.wav, -44.48847287633634, -46.13592448956177, -49.42003507240629, -47.951732146074555, -44.38780451225113, -42.63528786946285, -42.90640471845695
/rds/general/user/dtj20/home/signals/NUANCE_SIGNALS/all/D1_121-121726-0007.wav, -44.87068416448966, -46.59394500541254, -49.57511704750749, -48.09372128874805, -44.143000311404954, -42.24249135762241, -41.97138321082029
/rds/general/user/dtj20/home/signals/NUANCE_SIGNALS/all/P2_1089-134686-0022.wav, -42.426347087662606, -44.36787488035195, -48.72273862107935, -48.06476487475522, -44.4934171037185, -42.563005404054906, -42.11460042488825
/rds/general/user/dtj20/home/signals/NUANCE_SIGNALS/all/D1_1089-134686-0008.wav, -48.60476546555454, -50.274114090257356, -53.57217494070056, -52.2950978636749, -49.24532332558367, -46.87697783085297, -45.825911652000435
/rds/general/user/dtj20/home/signals/NUANCE_SIGNALS/all/D1_1089-134686-0022.wav, -46.61548447640626, -48.64291795019676, -51.84602651543724, -50.18200634998113, -47.637474438306675, -45.21068918564248, -44.16473218330278
/rds/general/user/dtj20/home/signals/NUANCE_SIGNALS/all/D1_1320-122612-0016.wav, -47.57247134320635, -48.60431304164693, -51.6025946974157, -50.28170956135917, -47.036197976292094, -45.81625358226312, -45.325899319295566
/rds/general/user/dtj20/home/signals/NUANCE_SIGNALS/all/P2_3575-170457-0000.wav, -40.404054370684726, -41.68334996004625, -45.73336787975508, -44.99537268978666, -41.398924022193086, -39.78743284858721, -39.61191420174241
/rds/general/user/dtj20/home/signals/NUANCE_SIGNALS/all/D1_121-121726-0004.wav, -46.036007911491616, -47.92343303556333, -51.74229707356445, -50.05384602541391, -46.790750757119355, -45.05053126229092, -44.475494322515644
/rds/general/user/dtj20/home/signals/NUANCE_SIGNALS/all/D1_1995-1826-0021.wav, -48.30450892263557, -50.22559652425046, -53.256802388320786, -51.29162182663233, -49.2216623511576, -47.21341354976219, -46.11350651681963
/rds/general/user/dtj20/home/signals/NUANCE_SIGNALS/all/P1_3570-5694-0005.wav, -47.821535369343586, -48.193003240645744, -53.342703892747295, -47.21959115173643, -46.955432894026536, -46.77634257218641, -44.6453012518223
/rds/general/user/dtj20/home/signals/NUANCE_SIGNALS/all/D2_1284-1180-0017.wav, -46.29761779234385, -48.3353106290427, -52.28141954435519, -50.64805519710828, -47.3561877387376, -45.9267186903472, -44.873867017492
