/rds/general/user/dtj20/home/signals/NUANCE_SIGNALS/all/P1_1320-122612-0016.wav, -46.41116041205266, -48.23300413865663, -50.21857360679648, -49.42894350015652, -47.11704409582868, -45.241556553758926, -45.28898646752399
/rds/general/user/dtj20/home/signals/NUANCE_SIGNALS/all/D1_3575-170457-0000.wav, -41.776345991479474, -43.09890980456864, -45.964290816531786, -44.674768042589854, -40.90235092401255, -38.262273693944266, -37.209876297642836
/rds/general/user/dtj20/home/signals/NUANCE_SIGNALS/all/D2_1089-134686-0016.wav, -46.36445544146903, -49.31341645619394, -53.40948876359492, -52.45922566320716, -49.41703851223789, -47.083979410624636, -47.06793191287568
/rds/general/user/dtj20/home/signals/NUANCE_SIGNALS/all/D1_121-121726-0000.wav, -41.51628208376759, -43.29669775816463, -48.3701990071453, -47.029489134759615, -42.50334406095035, -38.5162509717832, -37.289082984514835
/rds/general/user/dtj20/home/signals/NUANCE_SIGNALS/all/D2_1580-141083-0000.wav, -46.33037703907941, -48.33368745845399, -51.257356430601895, -50.23183082081449, -48.17167898769263, -47.08069874139828, -46.625962592769255
/rds/general/user/dtj20/home/signals/NUANCE_SIGNALS/all/P1_1580-141083-0004.wav, -41.685680028152674, -45.122695788736635, -46.653226398918605, -45.2022392642403, -40.884029750016865, -37.96794941080562, -38.080988140498135
/rds/general/user/dtj20/home/signals/NUANCE_SIGNALS/all/D1_1580-141083-0004.wav, -47.5855969958673, -48.544448569599005, -51.155565700198615, -49.746194044988876, -47.49241954964144, -45.709239052612524, -45.22331564369811
/rds/general/user/dtj20/home/signals/NUANCE_SIGNALS/all/D2_1284-1180-0011.wav, -38.814962385841454, -40.648859756980414, -43.54863621825413, -42.19194682580579, -39.81230411726561, -38.609169028697664, -38.001649067719484
/rds/general/user/dtj20/home/signals/NUANCE_SIGNALS/all/P2_1580-141083-0008.wav, -40.94873212688487, -42.84537441675525, -44.49366164695705, -42.934466760784574, -40.99864156535638, -39.8679548261798, -40.221769480033544
/rds/general/user/dtj20/home/signals/NUANCE_SIGNALS/all/D2_3575-170457-0020.wav, -41.83708424654717, -43.341303733876195, -46.911219809713806, -45.62736164507304, -42.098976890103046, -40.17698388380472, -39.70293773081676
/rds/general/user/dtj20/home/signals/NUANCE_SIGNALS/all/D2_2300-131720-0008.wav, -44.704012324441784, -46.636433914936084, -48.44531978648276, -46.92446543739941, -44.96952890236338, -44.40391295815725, -43.59204541487051
/rds/general/user/dtj20/home/signals/NUANCE_SIGNALS/all/P2_1995-1826-0015.wav, -41.707176627325, -43.37628937285831, -47.1217955125136, -46.8106697600766, -43.57365320064915, -41.79149331654719, -41.49142221553088
/rds/general/user/dtj20/home/signals/NUANCE_SIGNALS/all/P2_1580-141083-0014.wav, -40.05486519158134, -41.267147148768046, -43.86497828816709, -43.28918956514695, -40.964966303876324, -39.33345603221531, -40.01242368978226
/rds/general/user/dtj20/home/signals/NUANCE_SIGNALS/all/P2_1320-122612-0013.wav, -45.024594153833405, -45.63372923832384, -47.921367415841445, -45.252152323522026, -44.72846563956223, -44.86479602850668, -43.5081900044273
/rds/general/user/dtj20/home/signals/NUANCE_SIGNALS/all/D2_1089-134686-0000.wav, -46.549591209835796, -48.836909314661334, -52.69490613005906, -51.8510027637297, -48.71880335816894, -46.87534469169245, -45.91544757684747
/rds/general/user/dtj20/home/signals/NUANCE_SIGNALS/all/P2_1320-122612-0009.wav, -41.61009941519775, -43.543388393186085, -45.89032840445328, -44.67197122150034, -43.46812961358889, -40.508745685991066, -40.470278339792294
/rds/general/user/dtj20/home/signals/NUANCE_SIGNALS/all/D1_3570-5694-0012.wav, -44.8113895580226, -46.64862159759765, -49.26827389869893, -48.47331525989722, -45.77942071267326, -43.513862754124006, -42.588090096266605
/rds/general/user/dtj20/home/signals/NUANCE_SIGNALS/all/P1_1995-1826-0017.wav, -46.278020973796465, -48.5200008854581, -51.06796615145005, -48.7074706198485, -45.22368343103561, -43.74958023833716, -44.42172178798443
/rds/general/user/dtj20/home/signals/NUANCE_SIGNALS/all/D1_1995-1826-0015.wav, -46.328973245561606, -47.4841227344863, -49.24629291619549, -48.92458555625424, -46.14508620361052, -44.03838726920681, -43.05770470136053
/rds/general/user/dtj20/home/signals/NUANCE_SIGNALS/all/D1_1995-1826-0009.wav, -44.28451184188554, -46.79482320616579, -46.53204117847031, -47.35718150136786, -45.4646368588365, -43.61653263184586, -43.10374763162941
/rds/general/user/dtj20/home/signals/NUANCE_SIGNALS/all/P2_1284-1180-0001.wav, -41.13783897089227, -43.00698857712447, -46.52937033520824, -45.86184841195503, -42.66434809176321, -40.47810638869279, -39.5636088806108
/rds/general/user/dtj20/home/signals/NUANCE_SIGNALS/all/P1_3570-5694-0014.wav, -43.49145336719982, -39.14377514508449, -49.328180904386365, -41.86762320878152, -45.606344125306954, -40.2592453149575, -43.71184553651154
/rds/general/user/dtj20/home/signals/NUANCE_SIGNALS/all/D1_1284-1180-0001.wav, -44.58679983005108, -46.59091828731553, -50.1209561192725, -48.864041202671714, -45.623776688328576, -43.12583922456598, -41.99943651068726
/rds/general/user/dtj20/home/signals/NUANCE_SIGNALS/all/P1_121-121726-0004.wav, -43.98803585713091, -43.61097705310251, -43.327031060484835, -44.62707827607153, -44.19036538795419, -42.225589471041836, -41.46215293712
/rds/general/user/dtj20/home/signals/NUANCE_SIGNALS/all/P2_3575-170457-0013.wav, -38.88787059089339, -40.369466390802515, -44.73165920272102, -43.369188585024155, -40.561987529466904, -38.84120950710988, -38.747367185076996
/rds/general/user/dtj20/home/signals/NUANCE_SIGNALS/all/P1_3575-170457-0008.wav, -44.58380861460953, -46.950437776761234, -50.12573388389153, -49.01147202123244, -45.28325457111813, -43.03381559832086, -43.04811364741642
/rds/general/user/dtj20/home/signals/NUANCE_SIGNALS/all/D1_1320-122612-0013.wav, -47.86904029842666, -48.9361185549557, -51.09772803595702, -49.74317112083807, -47.79075052888266, -45.92712228247353, -45.24817382820604
/rds/general/user/dtj20/home/signals/NUANCE_SIGNALS/all/P2_1995-1826-0021.wav, -44.550457123948576, -46.21660049114229, -48.52033393934526, -48.04352573924789, -45.58781654188506, -44.23580202504775, -43.06308394013812
/rds/general/user/dtj20/home/signals/NUANCE_SIGNALS/all/D1_237-126133-0007.wav, -45.84565585377368, -47.27611522276277, -49.500761538931684, -47.80791157668902, -44.32066001544556, -41.719538344932175, -41.9761320530182
/rds/general/user/dtj20/home/signals/NUANCE_SIGNALS/all/D1_1089-134686-0000.wav, -46.36298947187391, -47.55337525792168, -50.39498950326863, -49.01686976887021, -46.72987424800775, -44.67598986598872, -43.946220997410386
/rds/general/user/dtj20/home/signals/NUANCE_SIGNALS/all/P1_1995-1826-0000.wav, -46.250013379188914, -49.3275849077544, -51.87563930607007, -49.15999320063829, -46.43096296274923, -43.94476197114458, -43.90550603634815
/rds/general/user/dtj20/home/signals/NUANCE_SIGNALS/all/P1_1089-134686-0016.wav, -47.04401409973358, -50.2030499224725, -52.575156184452645, -49.296710068965865, -44.59475959857244, -42.376990803577954, -43.240937655892864
/rds/general/user/dtj20/home/signals/NUANCE_SIGNALS/all/P1_1995-1826-0015.wav, -45.19637875387878, -46.754000560430086, -51.3507242311927, -49.111441234785424, -45.511592304421896, -43.971884716709475, -42.711801860885146
/rds/general/user/dtj20/home/signals/NUANCE_SIGNALS/all/P1_3575-170457-0000.wav, -40.6801925740416, -40.90910558205219, -38.8764245372311, -40.5171937092944, -40.303725521986884, -36.37776730491552, -38.52899531728899
/rds/general/user/dtj20/home/signals/NUANCE_SIGNALS/all/P2_3570-5694-0014.wav, -41.17605245875252, -42.88528668977796, -46.081125333179784, -45.703293433334984, -42.98275380835924, -41.00304713843903, -40.4068343903659
/rds/general/user/dtj20/home/signals/NUANCE_SIGNALS/all/P2_1089-134686-0004.wav, -37.43839219335648, -39.230343047618106, -43.254352383419246, -42.779322644768236, -39.68258826385314, -38.18672774778784, -38.34740427989221
/rds/general/user/dtj20/home/signals/NUANCE_SIGNALS/all/P2_237-126133-0008.wav, -46.14268878774327, -47.73679083118033, -48.871964728221684, -50.11829737726907, -48.273676465435955, -45.270809592319814, -43.91554802763067
/rds/general/user/dtj20/home/signals/NUANCE_SIGNALS/all/D2_1995-1826-0000.wav, -44.99569458049244, -46.22071875751027, -48.53590798879955, -48.06276038438643, -46.7544348145891, -44.99063925345007, -44.18660824339285
/rds/general/user/dtj20/home/signals/NUANCE_SIGNALS/all/P2_1580-141083-0000.wav, -43.42661250441374, -44.47724700955575, -46.226279758849095, -46.13723844433687, -44.37644649869716, -43.8198170922994, -43.98456929366699
/rds/general/user/dtj20/home/signals/NUANCE_SIGNALS/all/D2_3575-170457-0001.wav, -41.34781599815274, -43.062464071854706, -46.35970039959034, -45.764444551788515, -43.34636058314604, -41.74773811399533, -41.02209513516215
/rds/general/user/dtj20/home/signals/NUANCE_SIGNALS/all/D1_1320-122612-0009.wav, -44.5886077485501, -46.14744602819803, -48.27984161920851, -46.96878123494766, -45.305157010170795, -43.35035975728567, -42.151165702692914
/rds/general/user/dtj20/home/signals/NUANCE_SIGNALS/all/P1_3575-170457-0001.wav, -40.00097488190831, -42.33807384649754, -46.32159088279266, -45.57573376797908, -40.23318016904852, -40.289372377372004, -40.351901829886465
/rds/general/user/dtj20/home/signals/NUANCE_SIGNALS/all/D2_1995-1826-0015.wav, -45.399467201634224, -47.25837355782477, -50.2834578938695, -49.239257738335695, -46.76938472111566, -44.277384707805226, -43.336385400489085
/rds/general/user/dtj20/home/signals/NUANCE_SIGNALS/all/P2_2300-131720-0008.wav, -41.53252117821911, -43.19146011281678, -45.36975312342447, -45.8393019978065, -43.50943954121802, -41.573435562211344, -40.463595566366934
/rds/general/user/dtj20/home/signals/NUANCE_SIGNALS/all/D2_1580-141083-0013.wav, -40.996381987439754, -43.20561191865727, -45.90253382970743, -43.93772419639259, -42.28359480651917, -40.45167044435801, -39.936735972998356
/rds/general/user/dtj20/home/signals/NUANCE_SIGNALS/all/P1_3575-170457-0013.wav, -41.771674052957344, -45.810963528747266, -49.460385301390424, -45.61367686186708, -40.60265701288137, -38.142090918877294, -38.66589416886572
/rds/general/user/dtj20/home/signals/NUANCE_SIGNALS/all/D2_1580-141083-0008.wav, -43.21000322052172, -44.960573467497554, -47.888212772784335, -46.99458515553788, -43.56769219058361, -42.22827192375667, -42.54626703891246
/rds/general/user/dtj20/home/signals/NUANCE_SIGNALS/all/P2_1995-1826-0017.wav, -44.819883080461224, -46.87245154996621, -48.63656934634672, -48.29049804839072, -46.756777904261696, -44.798400010206045, -43.85304112618502
/rds/general/user/dtj20/home/signals/NUANCE_SIGNALS/all/D1_237-126133-0008.wav, -43.94307782539837, -45.04917801447148, -48.69019499682345, -46.85283650411456, -41.91524386490421, -38.690372376447826, -37.344671288027726
/rds/general/user/dtj20/home/signals/NUANCE_SIGNALS/all/P1_3575-170457-0020.wav, -41.567948182004095, -43.733856052638664, -47.97514095925698, -46.228277862497976, -42.36469089275605, -40.312503109891566, -40.296177047266745
/rds/general/user/dtj20/home/signals/NUANCE_SIGNALS/all/D2_121-121726-0004.wav, -44.42467693717966, -46.416390541133595, -50.47355456414277, -49.26584446160332, -46.18536704100712, -44.36081833582587, -44.21405727748934
/rds/general/user/dtj20/home/signals/NUANCE_SIGNALS/all/D2_3570-5694-0011.wav, -46.21691104404118, -48.199821578216074, -51.188178463010786, -50.14307469138466, -47.60778957008915, -46.118420778229364, -45.13467043910215
/rds/general/user/dtj20/home/signals/NUANCE_SIGNALS/all/D1_3570-5694-0011.wav, -45.04170701121134, -46.66005174671483, -49.302970625777114, -48.189120677922865, -46.38696203270563, -44.64487508493726, -43.599846068898415
/rds/general/user/dtj20/home/signals/NUANCE_SIGNALS/all/P2_2300-131720-0005.wav, -37.82736769928218, -39.276234902987795, -40.876816066279346, -39.1856977825035, -39.1549914147518, -37.69335252311014, -36.47609971437528
/rds/general/user/dtj20/home/signals/NUANCE_SIGNALS/all/P1_121-121726-0007.wav, -44.00974794982819, -46.11314690014449, -48.646718334275114, -47.43819176367951, -44.06923531406639, -42.00897939356039, -42.325506862442765
/rds/general/user/dtj20/home/signals/NUANCE_SIGNALS/all/P1_1089-134686-0008.wav, -47.09917163281936, -49.19293467442023, -52.43538643191796, -51.02698398794892, -47.35887712346341, -45.26622548497439, -45.03854036827985
/rds/general/user/dtj20/home/signals/NUANCE_SIGNALS/all/P2_1320-122612-0001.wav, -39.23291715011919, -40.117005031737904, -41.92302148828679, -41.182794583862254, -40.019561344031054, -39.00842128716984, -38.49769821310365
/rds/general/user/dtj20/home/signals/NUANCE_SIGNALS/all/P2_121-121726-0004.wav, -41.17271601215788, -42.35549951768165, -46.25092913278171, -45.7863704531877, -43.39711446975751, -42.256221368587205, -42.25372298419088
/rds/general/user/dtj20/home/signals/NUANCE_SIGNALS/all/D1_2300-131720-0016.wav, -42.59403362176242, -43.96611450973657, -45.82061417309744, -44.05620612644875, -42.66792498347922, -40.62443647240144, -39.91259714886405
/rds/general/user/dtj20/home/signals/NUANCE_SIGNALS/all/P1_1320-122612-0009.wav, -44.17072281908407, -46.16359965066798, -49.17931636671847, -48.20538944283782, -45.32301852746693, -43.30064221053901, -42.587016554559575
/rds/general/user/dtj20/home/signals/NUANCE_SIGNALS/all/P1_1580-141083-0000.wav, -46.222062421553815, -46.056503336695755, -49.19129979449125, -44.729801400782364, -44.08043067984747, -43.482964589579645, -42.40007217608412
/rds/general/user/dtj20/home/signals/NUANCE_SIGNALS/all/P2_3575-170457-0001.wav, -36.296407854351344, -38.56680006363967, -42.003602104255826, -40.798658204418615, -36.9240720506241, -35.184038507445266, -35.079949300445406
/rds/general/user/dtj20/home/signals/NUANCE_SIGNALS/all/D1_3575-170457-0020.wav, -39.82475706149924, -42.31869869178122, -46.433031001433555, -43.89901122269312, -38.574440463406894, -35.17354170548917, -34.0148194644498
/rds/general/user/dtj20/home/signals/NUANCE_SIGNALS/all/P1_2300-131720-0005.wav, -39.70292520772096, -42.582911483429804, -43.410243776958, -34.116698019708764, -40.03215818986489, -35.47891208128145, -37.3628469817292
/rds/general/user/dtj20/home/signals/NUANCE_SIGNALS/all/D1_3575-170457-0008.wav, -45.1988686895341, -46.416898655379725, -48.61066437352254, -47.52225870478854, -45.4792610279229, -43.84505700984199, -43.46216419592455
/rds/general/user/dtj20/home/signals/NUANCE_SIGNALS/all/P1_237-126133-0006.wav, -44.397100654225234, -46.23467954488112, -50.01094671831013, -47.503806355694, -43.093891791448385, -40.87433585653387, -41.014855978555076
/rds/general/user/dtj20/home/signals/NUANCE_SIGNALS/all/P1_1320-122612-0012.wav, -44.69593311703319, -46.944789148571516, -49.58285427728568, -46.63330855933794, -43.88466035723418, -41.04152769963367, -40.358383340633864
/rds/general/user/dtj20/home/signals/NUANCE_SIGNALS/all/D2_1320-122612-0016.wav, -46.04697265239952, -47.85731621725195, -50.12491560923331, -50.039649988616304, -47.96022500172058, -46.21564295491625, -45.72774034869298
/rds/general/user/dtj20/home/signals/NUANCE_SIGNALS/all/D1_1580-141083-0014.wav, -43.849255643852075, -45.30306453521875, -46.78641840413081, -44.352730515271965, -42.776542115357074, -41.033205835253845, -39.49559986686338
/rds/general/user/dtj20/home/signals/NUANCE_SIGNALS/all/P1_237-126133-0001.wav, -39.64622756668548, -41.85388586329863, -47.53844462439544, -44.87920273306658, -39.90975464180059, -37.62106332678086, -39.360889373979276
/rds/general/user/dtj20/home/signals/NUANCE_SIGNALS/all/P2_1580-141083-0004.wav, -43.36588826665617, -44.69307156536102, -47.98358609846449, -47.51902723149857, -45.11663734557671, -43.66761068678865, -43.948292287000385
/rds/general/user/dtj20/home/signals/NUANCE_SIGNALS/all/D1_3570-5694-0005.wav, -47.97861297870444, -47.92313361010889, -48.69113584158808, -48.91313189805413, -47.816295145287384, -46.06311302795791, -45.917988443090614
/rds/general/user/dtj20/home/signals/NUANCE_SIGNALS/all/D1_1284-1180-0003.wav, -44.10606682498447, -46.06061834184172, -49.383181330736804, -48.216098077770695, -45.4988207240659, -42.96412354423752, -41.762773593879146
/rds/general/user/dtj20/home/signals/NUANCE_SIGNALS/all/P1_3570-5694-0004.wav, -45.01514428844844, -46.909908016998266, -50.48340189432597, -49.447845241435964, -45.98004031498036, -43.92423938717481, -43.74318492716494
/rds/general/user/dtj20/home/signals/NUANCE_SIGNALS/all/P1_2300-131720-0014.wav, -44.51061650482262, -47.223476583789896, -48.8926575211573, -46.75349490390311, -42.82475094132803, -40.768989110974054, -41.39905813678496
/rds/general/user/dtj20/home/signals/NUANCE_SIGNALS/all/P2_237-126133-0006.wav, -38.5250568042492, -39.90343307807217, -44.32962468390711, -45.28575061762272, -43.0092162395638, -41.44866241786265, -40.64120462777975
/rds/general/user/dtj20/home/signals/NUANCE_SIGNALS/all/D2_237-126133-0001.wav, -44.36431449748798, -47.07816827436561, -51.7024347014888, -50.852513101539564, -47.377523222040324, -45.72005150294893, -45.746481006277655
/rds/general/user/dtj20/home/signals/NUANCE_SIGNALS/all/P1_1995-1826-0009.wav, -46.852615864678775, -49.59324206167055, -51.644180638456724, -49.19070496969656, -45.36446206293782, -42.59634434876878, -42.656430842373176
/rds/general/user/dtj20/home/signals/NUANCE_SIGNALS/all/P2_3570-5694-0012.wav, -41.573909072966195, -43.50032828180187, -46.88892420042163, -46.232587415813256, -42.72866203971206, -40.45150996876537, -39.439096764965726
/rds/general/user/dtj20/home/signals/NUANCE_SIGNALS/all/P2_2300-131720-0013.wav, -40.26229459161988, -41.789202649379895, -43.995875742576224, -42.845143871375235, -41.77708328190204, -40.31779237728193, -39.62675764942368
/rds/general/user/dtj20/home/signals/NUANCE_SIGNALS/all/D1_1580-141083-0000.wav, -46.80596138996239, -47.71655241622112, -50.23066516479916, -48.5524581314018, -45.6893733407573, -43.558869468606936, -43.13546859972612
/rds/general/user/dtj20/home/signals/NUANCE_SIGNALS/all/D2_1089-134686-0022.wav, -27.81848169125397, -37.87809784752739, -44.097379888676954, -28.97292684401507, -38.20161963377882, -26.321660956502228, -27.827659998539854
/rds/general/user/dtj20/home/signals/NUANCE_SIGNALS/all/D1_1995-1826-0000.wav, -45.648355826406195, -46.12493168494717, -46.871745294166885, -46.48924491906414, -45.380782275522556, -44.63299306273009, -44.03010596976935
/rds/general/user/dtj20/home/signals/NUANCE_SIGNALS/all/P2_2300-131720-0016.wav, -39.13861480578578, -40.77223539631439, -43.17668466372851, -42.4353152606022, -40.24816350687102, -39.00881337719078, -38.49446910583679
/rds/general/user/dtj20/home/signals/NUANCE_SIGNALS/all/P2_237-126133-0000.wav, -43.50646126527599, -45.061861624306246, -48.383752507079656, -47.70011841677777, -44.63684005380514, -43.362761605517946, -43.22320947671095
/rds/general/user/dtj20/home/signals/NUANCE_SIGNALS/all/D2_237-126133-0008.wav, -49.90699508906411, -51.6191812726722, -55.206037528314155, -54.3201174655323, -51.214241107432564, -49.56416652138273, -49.076123195719546
/rds/general/user/dtj20/home/signals/NUANCE_SIGNALS/all/D1_1284-1180-0017.wav, -44.596092430659326, -46.308889464762515, -49.58937411931509, -48.11970233304034, -44.7938384435582, -42.07460831368678, -40.87479161321701
/rds/general/user/dtj20/home/signals/NUANCE_SIGNALS/all/P1_2300-131720-0008.wav, -42.60078459776719, -44.87849641160831, -47.70874093900624, -46.73436479032175, -42.48197448087285, -39.59343202211752, -39.2276074085842
/rds/general/user/dtj20/home/signals/NUANCE_SIGNALS/all/P1_237-126133-0007.wav, -43.490371542228274, -45.956001321145614, -50.06847896150969, -47.29389911037394, -42.52733187954475, -40.39728786565704, -40.84979910936595
/rds/general/user/dtj20/home/signals/NUANCE_SIGNALS/all/D2_1580-141083-0014.wav, -41.913286182345935, -43.87594435748339, -47.391915973740176, -46.73990481253037, -44.160831734185, -42.690063514280226, -42.392883713342584
/rds/general/user/dtj20/home/signals/NUANCE_SIGNALS/all/P1_1089-134686-0022.wav, -45.718076016325504, -47.88096728020239, -51.72695536053715, -49.97511472261656, -45.8951856050198, -43.39764974911706, -42.80168431390561
/rds/general/user/dtj20/home/signals/NUANCE_SIGNALS/all/D2_1320-122612-0012.wav, -45.08268462033313, -47.289840724372176, -50.149001428682894, -48.87165152810639, -45.5513789009746, -42.98298823802419, -41.81386264289615
/rds/general/user/dtj20/home/signals/NUANCE_SIGNALS/all/P2_1995-1826-0000.wav, -44.25081099529077, -45.93536344221999, -47.99582299058011, -48.01319094706214, -46.23533312276819, -43.566892318176826, -42.67192283780317
/rds/general/user/dtj20/home/signals/NUANCE_SIGNALS/all/D1_1089-134686-0016.wav, -49.13664040799589, -49.208170607316404, -51.02632011372531, -51.060037380125294, -48.94279036765152, -46.28041104869591, -45.0362382638589
/rds/general/user/dtj20/home/signals/NUANCE_SIGNALS/all/P1_1320-122612-0013.wav, -45.31809994343028, -47.35680562717744, -48.756502377229324, -46.34572022609952, -44.21818310351766, -41.9642667673742, -41.949078363959615
/rds/general/user/dtj20/home/signals/NUANCE_SIGNALS/all/P2_1089-134686-0016.wav, -45.39879077624998, -43.28060732633199, -48.10400028312522, -47.22570685001209, -45.45668418032835, -44.873325662851535, -44.43804695479086
/rds/general/user/dtj20/home/signals/NUANCE_SIGNALS/all/P1_1580-141083-0013.wav, -35.01339591782137, -36.620894767293265, -39.86068241095945, -42.15014350127899, -39.953712083921516, -37.07574692044809, -37.24657637396721
/rds/general/user/dtj20/home/signals/NUANCE_SIGNALS/all/P1_1284-1180-0017.wav, -43.014747363062185, -46.06426410138735, -46.25668662001087, -46.388469305037184, -43.64411356113989, -41.528188545215514, -41.65198829264716
/rds/general/user/dtj20/home/signals/NUANCE_SIGNALS/all/P2_1580-141083-0013.wav, -37.55383629677918, -39.14268090714743, -42.685786761530935, -41.9505291227604, -38.793963736582825, -36.918578254799236, -36.83739804254674
/rds/general/user/dtj20/home/signals/NUANCE_SIGNALS/all/P2_121-121726-0003.wav, -35.19849472867215, -36.60770202852654, -40.880648483648855, -41.73357438368501, -39.84789186939308, -38.661746229909056, -38.28196438328227
/rds/general/user/dtj20/home/signals/NUANCE_SIGNALS/all/P1_1284-1180-0014.wav, -45.86308274528455, -47.77326306243662, -51.593812486064444, -50.750614190446356, -47.72576394246505, -45.28191792810419, -44.036084991010405
/rds/general/user/dtj20/home/signals/NUANCE_SIGNALS/all/D2_237-126133-0006.wav, -45.33325186688999, -47.36570038614304, -51.211397061760465, -50.14986124596107, -46.548520792393646, -44.55343011032636, -43.948446588773706
/rds/general/user/dtj20/home/signals/NUANCE_SIGNALS/all/D1_1580-141083-0013.wav, -43.10714110103103, -43.75100278226631, -45.620151486453715, -44.13548984534789, -42.3001077492631, -39.544322410916585, -37.97254157314451
/rds/general/user/dtj20/home/signals/NUANCE_SIGNALS/all/D2_3570-5694-0014.wav, -44.31880749226188, -46.41594686821925, -46.11815576389163, -46.23547756071627, -39.733882642677145, -43.033438985837485, -41.383531791861465
/rds/general/user/dtj20/home/signals/NUANCE_SIGNALS/all/P2_1284-1180-0017.wav, -42.08788510068481, -44.126089190622906, -47.35129058561114, -46.260358865258084, -43.82136387194926, -41.49863755494416, -40.35396267027462
/rds/general/user/dtj20/home/signals/NUANCE_SIGNALS/all/P2_1995-1826-0009.wav, -44.81933927021765, -46.714273063937114, -49.880521283519876, -49.26471007060233, -46.78193749576572, -44.72906922880334, -43.79837911831653
/rds/general/user/dtj20/home/signals/NUANCE_SIGNALS/all/D1_2300-131720-0008.wav, -43.86502701634717, -43.1056190964096, -44.344756030997985, -43.7317133812101, -41.13076275303925, -40.90037730734795, -42.48454332984367
/rds/general/user/dtj20/home/signals/NUANCE_SIGNALS/all/D2_1320-122612-0001.wav, -39.1049009994319, -42.0947512254256, -45.51907062467993, -45.08042481489732, -42.62858583007293, -41.162968790886644, -40.64478018009054
/rds/general/user/dtj20/home/signals/NUANCE_SIGNALS/all/D1_1284-1180-0011.wav, -37.36096535501596, -39.403729691922216, -41.65354797176018, -40.30025627731604, -37.17474004352409, -34.271699442278425, -33.42088029796476
/rds/general/user/dtj20/home/signals/NUANCE_SIGNALS/all/D1_1320-122612-0012.wav, -46.302031693079385, -47.73889595111123, -50.01430954831643, -49.02838392241691, -45.84638918535819, -43.63001756508697, -42.745730798947534
/rds/general/user/dtj20/home/signals/NUANCE_SIGNALS/all/P1_121-121726-0003.wav, -40.25029836051368, -41.70178566301633, -44.60751688402978, -44.27589243442874, -41.3863093750074, -39.8151550785387, -39.35015933606518
/rds/general/user/dtj20/home/signals/NUANCE_SIGNALS/all/D2_3570-5694-0004.wav, -44.81067539036757, -47.646036224442824, -51.14933938899539, -49.731339939745496, -45.531161524627834, -44.0478949299888, -44.90599043056551
/rds/general/user/dtj20/home/signals/NUANCE_SIGNALS/all/D2_1320-122612-0009.wav, -41.50191712977395, -44.94184629771471, -45.63322308130655, -43.072039973039494, -43.69945601212376, -40.77403012201857, -40.15186121384701
/rds/general/user/dtj20/home/signals/NUANCE_SIGNALS/all/D2_121-121726-0007.wav, -42.83804871337534, -44.10985484197492, -47.60566823967417, -46.685154219422856, -43.47913575443725, -42.87622975176333, -43.62666800706374
/rds/general/user/dtj20/home/signals/NUANCE_SIGNALS/all/D1_3570-5694-0004.wav, -46.335579855224026, -47.32012818507243, -49.55041424035599, -48.88719970422801, -47.07658960004917, -45.199773336637264, -44.84291655824841
/rds/general/user/dtj20/home/signals/NUANCE_SIGNALS/all/D2_1284-1180-0001.wav, -44.457774691132464, -46.587491452939744, -50.23325240404588, -48.045980082322046, -46.009603345425575, -44.85150082716575, -43.693093066469515
/rds/general/user/dtj20/home/signals/NUANCE_SIGNALS/all/P1_3570-5694-0012.wav, -43.61699995106608, -46.21755363438077, -50.24636548343901, -48.23656053066263, -44.26853130775272, -42.21221339143089, -42.03063194369462
/rds/general/user/dtj20/home/signals/NUANCE_SIGNALS/all/D1_1995-1826-0017.wav, -46.76717226129679, -47.85522905987109, -49.82167968131251, -48.90229024951596, -47.57979123107806, -45.593626491169246, -44.79028060025356
/rds/general/user/dtj20/home/signals/NUANCE_SIGNALS/all/D1_2300-131720-0005.wav, -40.638908649212595, -41.87914477729522, -43.48733191965011, -42.90244727340578, -40.6673328912801, -39.06805718441164, -38.221277852804775
/rds/general/user/dtj20/home/signals/NUANCE_SIGNALS/all/P2_121-121726-0000.wav, -39.36272836774184, -40.554525927947466, -44.71045489840463, -44.97918854640055, -41.97857825422717, -40.32503426241465, -39.94528558169408
/rds/general/user/dtj20/home/signals/NUANCE_SIGNALS/all/P1_1995-1826-0021.wav, -46.637529632830955, -47.91441928456419, -49.777510313633904, -50.332290886233686, -48.367719333550724, -44.883777279635964, -43.84173540419841
/rds/general/user/dtj20/home/signals/NUANCE_SIGNALS/all/P1_237-126133-0000.wav, -45.10048247183096, -47.226709904192774, -51.10884513728679, -48.94038535735828, -44.85408695263716, -43.33122880897264, -44.08739476139029
/rds/general/user/dtj20/home/signals/NUANCE_SIGNALS/all/D2_2300-131720-0014.wav, -44.45749636622213, -47.160002150020034, -50.272694875394194, -49.363481639122604, -46.899856890541976, -45.322206099895865, -44.97829725229284
/rds/general/user/dtj20/home/signals/NUANCE_SIGNALS/all/D1_1580-141083-0008.wav, -45.77621563912523, -47.551652841497365, -50.08361228857866, -47.350501183068786, -44.35291830714425, -42.9878945940633, -43.114571005503954
/rds/general/user/dtj20/home/signals/NUANCE_SIGNALS/all/P1_2300-131720-0013.wav, -38.634307860680195, -43.20120583543101, -45.56438276696476, -45.676459180024935, -43.450987479540444, -41.35872725118105, -40.832363651797706
/rds/general/user/dtj20/home/signals/NUANCE_SIGNALS/all/D1_237-126133-0001.wav, -47.123917389556134, -48.681262788921806, -50.68419671038977, -48.86403423260256, -45.243929648165995, -42.48044418729539, -42.66743765348736
/rds/general/user/dtj20/home/signals/NUANCE_SIGNALS/all/P1_1580-141083-0014.wav, -42.111490912852446, -43.3444084812863, -45.237511697886845, -45.045621382248356, -43.40603214475503, -41.92383869127143, -40.92985764168645
/rds/general/user/dtj20/home/signals/NUANCE_SIGNALS/all/D2_1580-141083-0004.wav, -45.737789432501955, -47.37823443067724, -47.40638645065427, -47.224752226328306, -43.87862929692712, -43.42841941009715, -43.17551911361244
/rds/general/user/dtj20/home/signals/NUANCE_SIGNALS/all/P1_1284-1180-0011.wav, -38.59381762123408, -40.93662166593924, -43.793767632976106, -43.58115544124325, -40.740253266702666, -38.45902845649189, -38.1204603955817
/rds/general/user/dtj20/home/signals/NUANCE_SIGNALS/all/P2_237-126133-0001.wav, -42.384818551439324, -42.29113642829324, -45.75881168372318, -46.01907486518386, -41.12387841744139, -41.05003037889513, -43.22395998036076
/rds/general/user/dtj20/home/signals/NUANCE_SIGNALS/all/D2_121-121726-0009.wav, -44.124327246739824, -45.339059040064164, -48.679344879053225, -47.64078100278713, -44.4031479512048, -42.64388660970869, -41.839055864424104
/rds/general/user/dtj20/home/signals/NUANCE_SIGNALS/all/D1_121-121726-0003.wav, -42.06089892931247, -43.11410757427829, -45.56926467762375, -44.212393670529046, -40.72653195165422, -39.79518623589463, -39.37156980744478
/rds/general/user/dtj20/home/signals/NUANCE_SIGNALS/all/D1_237-126133-0006.wav, -46.7555568125983, -48.32187694611772, -51.19058777417511, -49.60607979855951, -46.163629607098855, -43.860009145768124, -43.376721439878594
/rds/general/user/dtj20/home/signals/NUANCE_SIGNALS/all/D2_237-126133-0007.wav, -45.20585493540076, -46.9922188771275, -50.79988376089012, -49.6884111741407, -46.330583961218196, -44.47757995697043, -43.8218777514082
/rds/general/user/dtj20/home/signals/NUANCE_SIGNALS/all/P1_3570-5694-0011.wav, -45.96117887622349, -48.05710884177006, -50.54851185030729, -49.63379288606006, -47.321272082108564, -44.87793217929051, -43.71067779272852
/rds/general/user/dtj20/home/signals/NUANCE_SIGNALS/all/P2_1320-122612-0012.wav, -44.07797158759321, -45.52504400071471, -48.010463992700764, -47.291625412733055, -45.61205771903661, -43.4637463558618, -43.362666574212874
/rds/general/user/dtj20/home/signals/NUANCE_SIGNALS/all/P1_2300-131720-0016.wav, -40.95872114143869, -43.44003878729304, -45.5795774876521, -42.377424418556046, -38.78718598142531, -37.53251830411172, -37.45557552990701
/rds/general/user/dtj20/home/signals/NUANCE_SIGNALS/all/P1_121-121726-0009.wav, -43.75232758436106, -45.758136962028644, -48.86471652925952, -47.86372822152621, -44.2465093900272, -42.4121683165502, -42.76453872039073
/rds/general/user/dtj20/home/signals/NUANCE_SIGNALS/all/D2_121-121726-0000.wav, -43.4039048187085, -45.04612857530299, -48.87740424036419, -48.30197503665482, -45.39494868828953, -44.01604313744401, -43.62418270937137
/rds/general/user/dtj20/home/signals/NUANCE_SIGNALS/all/P1_1089-134686-0000.wav, -41.677970332252855, -46.519611505167624, -50.56141307901128, -44.64010449333167, -39.22408769088165, -36.856605592315866, -37.84610526204755
/rds/general/user/dtj20/home/signals/NUANCE_SIGNALS/all/P2_3570-5694-0005.wav, -45.52085164328177, -46.547001899958104, -49.39707921799143, -49.50564519974562, -47.440388625226674, -45.46224137798212, -44.98979211025209
/rds/general/user/dtj20/home/signals/NUANCE_SIGNALS/all/D2_1320-122612-0013.wav, -39.73706118547224, -39.956983793100534, -45.14654245195402, -50.113953495601095, -43.33959395546578, -43.51576442997928, -46.35762330639973
/rds/general/user/dtj20/home/signals/NUANCE_SIGNALS/all/P2_3575-170457-0008.wav, -39.23418346311295, -40.08944793786037, -41.667465206323904, -43.75774485806705, -40.30757402830893, -39.105828983310175, -38.84908735644353
/rds/general/user/dtj20/home/signals/NUANCE_SIGNALS/all/D2_3570-5694-0012.wav, -45.63393039101331, -47.469862250873916, -50.381925630452564, -50.172189973859105, -47.45310975721529, -45.70529555138748, -44.79155074077846
/rds/general/user/dtj20/home/signals/NUANCE_SIGNALS/all/P2_2300-131720-0014.wav, -43.529773981169186, -44.92775187270523, -47.24408853810323, -46.49744879696606, -45.08586679900766, -43.65973264917221, -42.81245843881464
/rds/general/user/dtj20/home/signals/NUANCE_SIGNALS/all/P2_121-121726-0009.wav, -31.497274966861074, -31.507485680843654, -38.548563735252756, -43.55940160187015, -38.848544712028385, -39.2657915298218, -34.8330473208975
/rds/general/user/dtj20/home/signals/NUANCE_SIGNALS/all/P2_3570-5694-0004.wav, -43.88897945177057, -45.478882170549795, -48.015041031442934, -47.427860015301334, -45.56581233529947, -43.833401285461456, -43.091355468971685
/rds/general/user/dtj20/home/signals/NUANCE_SIGNALS/all/D1_1089-134686-0004.wav, -42.07339854260391, -44.23308068264059, -46.239000060938, -44.580411829038624, -41.60346741604344, -39.35627487612394, -37.81158555254378
/rds/general/user/dtj20/home/signals/NUANCE_SIGNALS/all/P2_1284-1180-0014.wav, -41.96091981758742, -43.67833186376575, -47.1888549744159, -46.92025714330072, -44.024191748154195, -41.39846461266231, -40.41492104848188
/rds/general/user/dtj20/home/signals/NUANCE_SIGNALS/all/D2_1284-1180-0003.wav, -38.689266740826724, -42.532978137296695, -45.17402874633605, -44.939713055464445, -41.76154950831898, -38.936147739490664, -37.45989853690002
/rds/general/user/dtj20/home/signals/NUANCE_SIGNALS/all/D1_1284-1180-0014.wav, -46.403378707786054, -48.08727527293656, -51.2888377338519, -50.11153573206305, -47.448056664395, -45.31860277626471, -44.29605784346806
/rds/general/user/dtj20/home/signals/NUANCE_SIGNALS/all/P1_1284-1180-0003.wav, -39.02448597139611, -41.8233762222377, -46.96388560831985, -46.35300668621741, -42.584310970060386, -40.53465666828455, -39.99109066106661
/rds/general/user/dtj20/home/signals/NUANCE_SIGNALS/all/D2_1089-134686-0004.wav, -43.576804305726846, -45.52274761448412, -49.32356482964443, -48.17596865286503, -44.8116363542183, -43.35490697305316, -42.92693199520042
/rds/general/user/dtj20/home/signals/NUANCE_SIGNALS/all/P2_237-126133-0007.wav, -40.53814367538605, -42.22040784623279, -46.50269998393192, -45.50234481640605, -41.86125224682408, -39.98142638449898, -39.64014709983046
/rds/general/user/dtj20/home/signals/NUANCE_SIGNALS/all/P2_1320-122612-0016.wav, -44.5073473944107, -46.089413576556666, -48.99331452179398, -47.92713636832556, -45.717453685269625, -44.34385363230048, -43.86664215998426
/rds/general/user/dtj20/home/signals/NUANCE_SIGNALS/all/D2_2300-131720-0005.wav, -40.22325452723667, -41.43020079645504, -44.733413924430145, -44.10093241192654, -41.359767145941355, -39.221711822420446, -38.87161844744199
/rds/general/user/dtj20/home/signals/NUANCE_SIGNALS/all/D1_3575-170457-0001.wav, -41.710493357479066, -43.27823139348197, -45.57018637626634, -44.54081539435754, -42.08683114525775, -39.71518850658194, -39.65455301376288
/rds/general/user/dtj20/home/signals/NUANCE_SIGNALS/all/P2_1284-1180-0011.wav, -34.90669624872021, -36.52766279182339, -38.906344316906655, -38.80586691297332, -37.184078170683776, -35.26092946841795, -35.12872086350295
/rds/general/user/dtj20/home/signals/NUANCE_SIGNALS/all/P1_1320-122612-0001.wav, -41.93548175968722, -42.796118121931215, -43.93821898666455, -43.362761075441874, -42.07655712138424, -40.131174687966265, -39.690756434115514
/rds/general/user/dtj20/home/signals/NUANCE_SIGNALS/all/D1_237-126133-0000.wav, -47.23754420860051, -48.44194709687463, -50.64447273140358, -48.87593729990661, -45.83708819451267, -43.775321806480974, -43.35398921182821
/rds/general/user/dtj20/home/signals/NUANCE_SIGNALS/all/P2_3575-170457-0020.wav, -37.11678116990055, -39.82585233248266, -42.24564828681898, -41.93449905177131, -38.99170092193898, -36.67616150279563, -37.03097922283302
/rds/general/user/dtj20/home/signals/NUANCE_SIGNALS/all/D2_2300-131720-0016.wav, -40.21600023334781, -42.6437365702016, -46.55184974394018, -45.83869474617672, -42.759645293944786, -40.8909593269115, -40.2113839855572
/rds/general/user/dtj20/home/signals/NUANCE_SIGNALS/all/D2_1995-1826-0009.wav, -44.95482069478484, -46.65490106714407, -49.276987423280275, -47.62819078562468, -46.04678668435745, -44.958327919802485, -44.587660770826965
/rds/general/user/dtj20/home/signals/NUANCE_SIGNALS/all/D2_3570-5694-0005.wav, -47.38852152223964, -49.00636004166651, -50.525131710909406, -51.20038777553245, -48.86488466969343, -47.282928375949744, -46.50669691513164
/rds/general/user/dtj20/home/signals/NUANCE_SIGNALS/all/P2_3570-5694-0011.wav, -43.235142216065434, -44.694151753677815, -41.32587031500587, -47.3728798443159, -44.81505937109127, -42.88867475793299, -42.24917034101359
/rds/general/user/dtj20/home/signals/NUANCE_SIGNALS/all/P2_1284-1180-0003.wav, -39.8600623952174, -41.88536924888953, -44.399532220484204, -43.87677745080909, -41.580341241180136, -39.29138879447558, -38.667602868318085
/rds/general/user/dtj20/home/signals/NUANCE_SIGNALS/all/P1_1284-1180-0001.wav, -43.356979065474846, -46.24260252456466, -49.41575970056913, -49.148273252854445, -44.93216705603559, -42.687029370730016, -42.48174944614622
/rds/general/user/dtj20/home/signals/NUANCE_SIGNALS/all/D2_1284-1180-0014.wav, -46.092924756996545, -48.28329871231389, -52.250280724200124, -51.081594440588766, -48.426194025174624, -46.110213999206344, -44.90037511665713
/rds/general/user/dtj20/home/signals/NUANCE_SIGNALS/all/D2_1995-1826-0017.wav, -43.95430869282378, -46.21889580683237, -48.434133906166224, -48.78022922814146, -46.613696742259954, -44.85998549574858, -44.25399092707207
/rds/general/user/dtj20/home/signals/NUANCE_SIGNALS/all/D1_121-121726-0009.wav, -45.61992852329597, -46.88612262972732, -47.996885618797755, -45.73085687397719, -44.530545762229785, -42.922969149548024, -41.140736825721746
/rds/general/user/dtj20/home/signals/NUANCE_SIGNALS/all/D2_2300-131720-0013.wav, -41.644183808314175, -44.52469907135149, -47.907680208950694, -47.12086232214634, -44.03020724509426, -42.75672416926484, -42.27117730513303
/rds/general/user/dtj20/home/signals/NUANCE_SIGNALS/all/P2_1089-134686-0008.wav, -44.84293228927166, -46.231113889417294, -49.38110676692139, -49.05652892745445, -46.09199757921094, -44.133753712377626, -43.56474699295701
/rds/general/user/dtj20/home/signals/NUANCE_SIGNALS/all/P1_237-126133-0008.wav, -49.52854311136835, -51.38957469943123, -55.15954720596472, -54.39364301985429, -50.77598397547959, -48.68454580888961, -48.26539985573838
/rds/general/user/dtj20/home/signals/NUANCE_SIGNALS/all/D2_3575-170457-0008.wav, -45.26807311147488, -46.965206205800555, -49.70772457627813, -48.867275982226204, -46.30590267801348, -44.58683647627321, -44.27741895709367
/rds/general/user/dtj20/home/signals/NUANCE_SIGNALS/all/D2_3575-170457-0013.wav, -44.34336448217743, -45.5728686355659, -49.21133037448784, -48.516238136166805, -45.76439211344888, -44.566242014356554, -44.17211445842578
/rds/general/user/dtj20/home/signals/NUANCE_SIGNALS/all/P1_1089-134686-0004.wav, -41.4470851677857, -43.61089170841386, -47.94014209775504, -46.5700219511255, -42.36746422623653, -40.202634390115605, -40.12531271392449
/rds/general/user/dtj20/home/signals/NUANCE_SIGNALS/all/P2_1089-134686-0000.wav, -41.54771472972633, -43.254313580919835, -47.749591702866766, -47.0342826247431, -43.69569067164149, -42.061904663581096, -41.702298755481166
/rds/general/user/dtj20/home/signals/NUANCE_SIGNALS/all/P1_1580-141083-0008.wav, -41.04005519458088, -45.254883791932734, -48.32262605586819, -43.560918831583535, -38.521920824647815, -36.47745421035853, -37.745296296990105
/rds/general/user/dtj20/home/signals/NUANCE_SIGNALS/all/P2_121-121726-0007.wav, -42.977328482611924, -43.975093327800224, -46.857382249214005, -46.18001889013584, -44.157754222767664, -42.66533250957763, -42.29020707751921
/rds/general/user/dtj20/home/signals/NUANCE_SIGNALS/all/D1_2300-131720-0014.wav, -45.178319677986636, -45.156535372931614, -47.11086001337216, -46.08783905060431, -44.43785523325569, -43.364375259820605, -43.42736390659985
/rds/general/user/dtj20/home/signals/NUANCE_SIGNALS/all/D2_1089-134686-0008.wav, -48.223698425654014, -50.22304999078935, -53.70235057693301, -53.088462078005506, -50.04400360858342, -48.08504935439487, -47.11237475866171
/rds/general/user/dtj20/home/signals/NUANCE_SIGNALS/all/D1_2300-131720-0013.wav, -41.963180737361874, -44.157553177859924, -45.31728726338513, -44.881589134439714, -41.58661532765283, -39.13504078903707, -38.5909114636957
/rds/general/user/dtj20/home/signals/NUANCE_SIGNALS/all/D1_3575-170457-0013.wav, -42.848306886283744, -44.29742577873519, -47.57593607077297, -46.41339802743364, -42.44653299905811, -39.614337645349934, -38.571092770809436
/rds/general/user/dtj20/home/signals/NUANCE_SIGNALS/all/D2_1995-1826-0021.wav, -45.767247069560206, -47.81320453638442, -50.09082171321929, -50.182160490930116, -47.73529833515077, -46.04505254234029, -45.447867645673654
/rds/general/user/dtj20/home/signals/NUANCE_SIGNALS/all/D1_1089-134686-0008.wav, -48.52482892127226, -49.343835942761984, -52.36843783209096, -49.974649588461205, -48.88169101695908, -46.67608479338513, -46.056590908776556
/rds/general/user/dtj20/home/signals/NUANCE_SIGNALS/all/D1_1089-134686-0022.wav, -46.31683915058104, -48.25116325851917, -51.259722070215744, -50.019461730540144, -47.30740285401366, -44.924867186333415, -43.93805413659769
/rds/general/user/dtj20/home/signals/NUANCE_SIGNALS/all/D1_1320-122612-0016.wav, -47.58764709578539, -48.92387089420226, -51.589712715749414, -49.85981928951054, -47.71823266522763, -45.8890669963477, -45.25492777548523
/rds/general/user/dtj20/home/signals/NUANCE_SIGNALS/all/P2_3575-170457-0000.wav, -39.6411994627196, -40.882866262976655, -43.89546347198571, -43.39035758768105, -40.672617659715094, -39.184192065724744, -39.11206633741589
/rds/general/user/dtj20/home/signals/NUANCE_SIGNALS/all/D2_237-126133-0000.wav, -45.95548821999233, -47.728076976410165, -51.15120969675095, -49.38843253481758, -45.27441318940863, -42.62315589255937, -41.61837262459369
/rds/general/user/dtj20/home/signals/NUANCE_SIGNALS/all/D2_3575-170457-0000.wav, -41.134820800007006, -42.991165773689445, -46.21524242184889, -44.33264862683031, -40.27708535719401, -39.28629791067938, -38.886565811630604
/rds/general/user/dtj20/home/signals/NUANCE_SIGNALS/all/D1_3570-5694-0014.wav, -44.20302667905502, -45.654523380831975, -47.676345053106104, -47.02455102635618, -43.855621754479884, -42.41086043367582, -41.940229103684594
/rds/general/user/dtj20/home/signals/NUANCE_SIGNALS/all/D2_121-121726-0003.wav, -41.16060855878747, -43.140228188863446, -46.297832428464254, -44.75804796519981, -41.6668084154322, -40.44917885512014, -40.62234613631348
/rds/general/user/dtj20/home/signals/NUANCE_SIGNALS/all/D1_1320-122612-0001.wav, -42.20892595482174, -43.22643022260448, -44.40845302796972, -43.609562404765605, -42.69795533830218, -40.594321114805055, -39.858889634092165
/rds/general/user/dtj20/home/signals/NUANCE_SIGNALS/all/P1_121-121726-0000.wav, -44.171262107360064, -45.97928440963045, -48.98580797751439, -47.78778234179111, -44.118412471195484, -42.23047211182112, -42.49246413034741
/rds/general/user/dtj20/home/signals/NUANCE_SIGNALS/all/D1_121-121726-0007.wav, -44.65846597530333, -46.38132212791824, -49.62641302042341, -47.949676970105244, -44.6221466700153, -42.78452094415756, -42.451952054302716
/rds/general/user/dtj20/home/signals/NUANCE_SIGNALS/all/P2_1089-134686-0022.wav, -42.10937342028642, -43.96690881947785, -47.76402656848265, -46.86688475437175, -43.91857797964725, -42.103786682167524, -41.726673697102605
/rds/general/user/dtj20/home/signals/NUANCE_SIGNALS/all/D1_121-121726-0004.wav, -46.52096940715265, -48.373794193642965, -51.977974556839406, -50.246949168939636, -47.21398503093867, -45.63751218335726, -45.06380476727463
/rds/general/user/dtj20/home/signals/NUANCE_SIGNALS/all/D1_1995-1826-0021.wav, -46.5465484026338, -47.86429179881524, -49.6994102893941, -48.60792958890734, -47.27028580866773, -45.29195800370087, -44.5392193754521
/rds/general/user/dtj20/home/signals/NUANCE_SIGNALS/all/P1_3570-5694-0005.wav, -47.99497105042917, -49.46432549611228, -52.80788290470408, -51.3745982833522, -49.02152818517294, -47.15520227412951, -46.54745430042282
/rds/general/user/dtj20/home/signals/NUANCE_SIGNALS/all/D2_1284-1180-0017.wav, -39.91960224205617, -27.73141606865075, -32.57846903602869, -25.465579564885388, -32.92203946589632, -22.750267740840144, -22.509593278517723
