/rds/general/user/dtj20/home/signals/NUANCE_SIGNALS/all/P1_1320-122612-0016.wav, -46.29789424949336, -47.62810603204927, -50.4686351006783, -48.96746082863888, -46.62959785509286, -45.48013830987283, -45.187332224736366
/rds/general/user/dtj20/home/signals/NUANCE_SIGNALS/all/D1_3575-170457-0000.wav, -37.924535225848786, -39.153036237732564, -43.31381411537745, -41.27437825281859, -35.6946740952944, -32.33663401471405, -30.881481251411763
/rds/general/user/dtj20/home/signals/NUANCE_SIGNALS/all/D2_1089-134686-0016.wav, -41.52110086439933, -46.10243224681926, -52.92256599651595, -51.79921662287206, -47.34180990725875, -43.36849909707344, -44.06355607094252
/rds/general/user/dtj20/home/signals/NUANCE_SIGNALS/all/D1_121-121726-0000.wav, -45.43573078074782, -47.146639710223226, -50.77906555774507, -49.20350792702997, -45.588254603605726, -42.9269960408304, -41.97498325564357
/rds/general/user/dtj20/home/signals/NUANCE_SIGNALS/all/D2_1580-141083-0000.wav, -45.74408798329128, -48.23414996432638, -51.20881362136765, -49.65243326076948, -47.88901576860486, -46.7760919930621, -46.225591647694316
/rds/general/user/dtj20/home/signals/NUANCE_SIGNALS/all/P1_1580-141083-0004.wav, -44.85447229367094, -45.99800742352272, -46.54817109353176, -47.27196262610403, -46.727519463656655, -44.7609808878904, -44.54007082717943
/rds/general/user/dtj20/home/signals/NUANCE_SIGNALS/all/D1_1580-141083-0004.wav, -47.802941449254206, -48.926627601893074, -51.613608960928296, -50.21168400515695, -47.810434948018106, -46.05204294531312, -45.464545658021606
/rds/general/user/dtj20/home/signals/NUANCE_SIGNALS/all/D2_1284-1180-0011.wav, -41.05383229740406, -43.46497198861346, -48.00463461715532, -46.907784069818355, -42.97064573529396, -40.58024932802438, -39.493746303455744
/rds/general/user/dtj20/home/signals/NUANCE_SIGNALS/all/P2_1580-141083-0014.wav, -40.05325715169388, -41.283081897838976, -44.042098215868734, -43.37068560059929, -41.068853960167004, -39.402852095225114, -40.08051253373057
/rds/general/user/dtj20/home/signals/NUANCE_SIGNALS/all/P2_1320-122612-0013.wav, -45.2417982945505, -45.681235714098136, -47.746604838119225, -44.45818834275583, -43.68399136110085, -44.83787526034929, -43.59534185479773
/rds/general/user/dtj20/home/signals/NUANCE_SIGNALS/all/D2_1089-134686-0000.wav, -46.81014376197008, -48.892748844338065, -53.160649201063805, -51.76215654430601, -48.46116654099574, -46.72341638012635, -45.981168824504266
/rds/general/user/dtj20/home/signals/NUANCE_SIGNALS/all/P2_1320-122612-0009.wav, -42.67674246881252, -45.19129762083157, -49.541966782705124, -48.89982967137617, -45.150038755843305, -42.553664205213565, -41.192877870696364
/rds/general/user/dtj20/home/signals/NUANCE_SIGNALS/all/P2_1580-141083-0008.wav, -41.52150924418724, -43.5349866273041, -45.83383489259012, -44.456683594908824, -41.826438296884476, -40.41038259371017, -40.75137515129471
/rds/general/user/dtj20/home/signals/NUANCE_SIGNALS/all/D2_3575-170457-0020.wav, -42.835245831835664, -44.41705679865162, -48.63052434151687, -47.465985794479025, -43.1445059579394, -40.777963318078704, -40.17132772604321
/rds/general/user/dtj20/home/signals/NUANCE_SIGNALS/all/D2_2300-131720-0008.wav, -43.85141262059706, -46.52248856815661, -48.97173701742558, -45.79642533060867, -42.351338472496124, -40.632300504249976, -39.68358069239652
/rds/general/user/dtj20/home/signals/NUANCE_SIGNALS/all/P2_1995-1826-0015.wav, -40.222414915391994, -42.62708314429965, -46.73243242221162, -46.06887504552618, -42.21802707466979, -41.25896098584401, -40.6915928505262
/rds/general/user/dtj20/home/signals/NUANCE_SIGNALS/all/P2_1284-1180-0001.wav, -41.89216073131498, -44.165985850524805, -48.95082644477852, -48.06561530381635, -43.660796809553126, -41.05791924370454, -39.98483659227288
/rds/general/user/dtj20/home/signals/NUANCE_SIGNALS/all/P1_3570-5694-0014.wav, -45.75708944326234, -48.06127303761418, -51.93945143760401, -50.02157135184848, -46.28934227285053, -44.3200437162664, -44.06392177157318
/rds/general/user/dtj20/home/signals/NUANCE_SIGNALS/all/D1_1284-1180-0001.wav, -45.12859984462356, -47.31837682412238, -51.37790922138766, -49.8483271820424, -45.521693775538886, -42.78076900888464, -41.63795851030634
/rds/general/user/dtj20/home/signals/NUANCE_SIGNALS/all/P1_121-121726-0004.wav, -44.38311864472739, -45.485107378918826, -47.85204474898101, -47.1916219165651, -44.23258607850576, -42.04781849810327, -41.819659952956094
/rds/general/user/dtj20/home/signals/NUANCE_SIGNALS/all/P2_3575-170457-0013.wav, -38.78291079956527, -40.41426216586768, -45.132766320586846, -44.68813564720308, -40.88331569488659, -38.995482469881864, -38.83377359299797
/rds/general/user/dtj20/home/signals/NUANCE_SIGNALS/all/P1_3575-170457-0008.wav, -44.54090543749129, -47.239857248986795, -51.07409530835745, -49.11628052665907, -44.76090351801881, -42.5645890911315, -42.78323719005266
/rds/general/user/dtj20/home/signals/NUANCE_SIGNALS/all/D1_1320-122612-0013.wav, -48.18778478567342, -49.44185132594296, -51.574501849493174, -50.51687899854794, -48.53317911225275, -46.497606811555904, -46.08834157867321
/rds/general/user/dtj20/home/signals/NUANCE_SIGNALS/all/P2_1995-1826-0021.wav, -45.51005951602952, -47.07230386227665, -50.879523210157856, -50.93722290240678, -47.807232951157744, -44.95988685835524, -43.59399607355297
/rds/general/user/dtj20/home/signals/NUANCE_SIGNALS/all/D1_3570-5694-0012.wav, -45.65541442256959, -47.818280229683545, -51.70293646204631, -50.59152065415334, -46.88215835747005, -44.27472234013109, -43.098697349722556
/rds/general/user/dtj20/home/signals/NUANCE_SIGNALS/all/P1_1995-1826-0017.wav, -47.56958518586953, -49.01337212931778, -52.90838363385066, -51.60921610584595, -48.72343616784677, -46.33059126754874, -45.81605879308347
/rds/general/user/dtj20/home/signals/NUANCE_SIGNALS/all/D1_1995-1826-0015.wav, -47.44470803779009, -49.1816042345726, -52.385381501563934, -50.86099276468865, -47.494077637102194, -44.7959545849166, -43.43145856150856
/rds/general/user/dtj20/home/signals/NUANCE_SIGNALS/all/D1_1995-1826-0009.wav, -48.295584599755784, -49.95148124524093, -53.17827313487573, -51.83563929335438, -48.68385044735785, -46.20597901064724, -44.89351428841941
/rds/general/user/dtj20/home/signals/NUANCE_SIGNALS/all/D1_237-126133-0007.wav, -46.646202213171335, -48.12747641058807, -50.973379661846145, -49.55966934505529, -45.98917350224407, -43.51025216701061, -43.092056155018525
/rds/general/user/dtj20/home/signals/NUANCE_SIGNALS/all/D1_1089-134686-0000.wav, -46.67798079675996, -48.319771323763334, -51.12086453595645, -50.31450154032527, -47.03555252605774, -45.02684923040647, -44.31347253188434
/rds/general/user/dtj20/home/signals/NUANCE_SIGNALS/all/P1_1995-1826-0000.wav, -48.16576126316269, -50.4852261788359, -54.28670036504456, -53.71858560320607, -50.10132011604231, -47.07755765285949, -45.547369545565786
/rds/general/user/dtj20/home/signals/NUANCE_SIGNALS/all/P1_1089-134686-0016.wav, -46.61268733195264, -50.44467698796663, -51.20094864373733, -48.15093737390071, -44.143573129880735, -42.03277535058155, -43.36881057510456
/rds/general/user/dtj20/home/signals/NUANCE_SIGNALS/all/P1_1995-1826-0015.wav, -44.934158693548206, -48.274494825510466, -51.30438026207737, -46.584022083536226, -42.850936153093855, -41.506988264314195, -43.152296583231305
/rds/general/user/dtj20/home/signals/NUANCE_SIGNALS/all/P1_3575-170457-0000.wav, -41.67511849390788, -43.68096143144339, -46.81749016603196, -46.25865807047835, -43.06131921607063, -40.7127824845339, -40.47065035102851
/rds/general/user/dtj20/home/signals/NUANCE_SIGNALS/all/P2_3570-5694-0014.wav, -40.037411243684815, -41.95753968121973, -46.68503529654415, -46.132117468833584, -41.97811645965241, -39.724296240095065, -39.25932619464922
/rds/general/user/dtj20/home/signals/NUANCE_SIGNALS/all/P2_1089-134686-0004.wav, -39.70690289841513, -41.00890480232909, -45.111769957633044, -44.782922442330786, -41.39647536198847, -39.826519740093275, -39.65847485433253
/rds/general/user/dtj20/home/signals/NUANCE_SIGNALS/all/D1_1320-122612-0009.wav, -45.83757438590017, -47.0975131547317, -50.30254250656008, -50.42638298003464, -46.37062999175916, -43.63134829982301, -42.388909548604786
/rds/general/user/dtj20/home/signals/NUANCE_SIGNALS/all/P1_3575-170457-0001.wav, -41.59770987300806, -43.79010229268005, -46.961496281016466, -46.53447299220104, -43.07496758922053, -40.88115925536373, -41.109440017186586
/rds/general/user/dtj20/home/signals/NUANCE_SIGNALS/all/D2_1995-1826-0015.wav, -46.17778066793325, -48.47408226840332, -52.33406042156646, -51.61138858342259, -48.50778201058537, -46.382639711257866, -45.30401248810155
/rds/general/user/dtj20/home/signals/NUANCE_SIGNALS/all/P2_2300-131720-0008.wav, -41.63341246510949, -43.60280449350572, -47.29732875627236, -46.84555282740784, -43.82156762313221, -41.70629650939095, -40.54867141205234
/rds/general/user/dtj20/home/signals/NUANCE_SIGNALS/all/P2_237-126133-0008.wav, -46.73047014346797, -48.38552199393405, -52.31843601958602, -51.71230627255476, -48.530206365927704, -46.56114938437412, -46.024152668045666
/rds/general/user/dtj20/home/signals/NUANCE_SIGNALS/all/D2_1995-1826-0000.wav, -48.169765867081594, -50.41713238075259, -54.17939736707229, -53.31884075936395, -50.250250259688244, -47.9165624311863, -46.29307404432151
/rds/general/user/dtj20/home/signals/NUANCE_SIGNALS/all/P2_1580-141083-0000.wav, -43.02454971744555, -44.10806550870561, -45.49553459658991, -45.0999590343494, -43.927127458485664, -43.24864642503405, -43.72224924203263
/rds/general/user/dtj20/home/signals/NUANCE_SIGNALS/all/D2_3575-170457-0001.wav, -42.043975537755365, -44.2651718178664, -48.72507566858265, -47.72289881221805, -44.31623758462109, -42.47317959994575, -41.68606296197295
/rds/general/user/dtj20/home/signals/NUANCE_SIGNALS/all/D2_1580-141083-0013.wav, -40.879107561570166, -43.08205173003017, -45.47219383547755, -42.98307202499512, -41.96914769809382, -40.00685052273027, -39.3189195848821
/rds/general/user/dtj20/home/signals/NUANCE_SIGNALS/all/P1_3575-170457-0013.wav, -40.77866978306127, -45.243172575714965, -48.60054651793384, -44.22035833050351, -38.87574997269096, -36.24555420927693, -36.74793243458161
/rds/general/user/dtj20/home/signals/NUANCE_SIGNALS/all/D2_1580-141083-0008.wav, -43.32761367494779, -45.08255644167937, -48.10722308486728, -47.03512295950598, -43.54166504136565, -42.16401292046595, -42.467941919904185
/rds/general/user/dtj20/home/signals/NUANCE_SIGNALS/all/P2_1995-1826-0017.wav, -45.78248558258369, -48.182440499483256, -51.138986756080406, -50.755544664039, -48.20262632175441, -45.601012385119375, -44.35433753112391
/rds/general/user/dtj20/home/signals/NUANCE_SIGNALS/all/D1_3570-5694-0011.wav, -47.2880740682139, -49.17345981387841, -52.64927766058561, -51.38213270943818, -48.197080538547254, -45.8967067954627, -44.72732998876889
/rds/general/user/dtj20/home/signals/NUANCE_SIGNALS/all/P2_2300-131720-0005.wav, -39.385341055693196, -41.84414549225393, -45.81724052014778, -44.86621681795068, -41.19106058561675, -38.64586859489094, -37.510537668763526
/rds/general/user/dtj20/home/signals/NUANCE_SIGNALS/all/P1_121-121726-0007.wav, -44.49929804060966, -46.415901183508936, -49.141545757781095, -47.24901746678203, -43.83855077259668, -41.8872343414247, -42.193648039551654
/rds/general/user/dtj20/home/signals/NUANCE_SIGNALS/all/P1_1089-134686-0008.wav, -47.60763554572591, -49.27104994645897, -51.833589942692406, -51.467673055007204, -48.36913683903843, -46.371997643151104, -45.82648313858515
/rds/general/user/dtj20/home/signals/NUANCE_SIGNALS/all/D1_237-126133-0008.wav, -43.03529308933014, -44.126002806671984, -47.94056491100556, -45.96020581858583, -40.75803546182769, -37.46007374536844, -36.07623710169496
/rds/general/user/dtj20/home/signals/NUANCE_SIGNALS/all/P1_3575-170457-0020.wav, -41.86330333178523, -44.3636953287848, -48.50175928115731, -47.134268161889814, -42.840833624457446, -40.565777682496375, -40.50198376188817
/rds/general/user/dtj20/home/signals/NUANCE_SIGNALS/all/D2_121-121726-0004.wav, -45.617472549774156, -47.331290726835356, -50.85349320075083, -49.63075416324503, -46.496597423567394, -44.84725371222741, -44.55743898004894
/rds/general/user/dtj20/home/signals/NUANCE_SIGNALS/all/D2_3570-5694-0011.wav, -44.92552587964301, -47.80023557874826, -51.79730930828926, -49.21300689497371, -44.899537957997175, -43.218872516548075, -43.553327989375035
/rds/general/user/dtj20/home/signals/NUANCE_SIGNALS/all/P2_1320-122612-0001.wav, -40.19309070191591, -40.908974596237485, -42.46948895273142, -42.26228058065077, -39.70095095484222, -40.009277889071065, -39.24878847761737
/rds/general/user/dtj20/home/signals/NUANCE_SIGNALS/all/P2_121-121726-0004.wav, -41.31859360237642, -42.58316218251166, -46.59175049810195, -46.437269625193395, -43.58537539386879, -42.35498700621611, -42.44145601843851
/rds/general/user/dtj20/home/signals/NUANCE_SIGNALS/all/D1_2300-131720-0016.wav, -43.3686741247167, -44.85107608214852, -46.05740593176839, -48.04859561538379, -41.5898151620208, -39.771644591799415, -40.80776388477082
/rds/general/user/dtj20/home/signals/NUANCE_SIGNALS/all/P1_1320-122612-0009.wav, -43.87925395206714, -46.89808386227247, -47.29174207436771, -47.864360857450876, -46.13989239754397, -43.167637649282966, -42.78391262629207
/rds/general/user/dtj20/home/signals/NUANCE_SIGNALS/all/P1_1580-141083-0000.wav, -44.570548599928024, -44.68940392174906, -49.58765075218079, -41.990370886619615, -41.78978866745993, -42.09465298812208, -40.36881912892811
/rds/general/user/dtj20/home/signals/NUANCE_SIGNALS/all/P2_3575-170457-0001.wav, -37.31167312898836, -39.515120572408556, -43.98850257288589, -42.828365308614806, -38.37341435106882, -36.21507588613604, -35.977875430704955
/rds/general/user/dtj20/home/signals/NUANCE_SIGNALS/all/D1_3575-170457-0020.wav, -40.11266345106834, -42.834865926648355, -47.31086487089246, -44.49493172856447, -38.83087557288486, -35.35478046822049, -34.19420538146016
/rds/general/user/dtj20/home/signals/NUANCE_SIGNALS/all/P1_2300-131720-0005.wav, -41.92222794060964, -44.40369995012975, -48.526062184985264, -46.92003737182332, -43.475764110196536, -40.98389652808756, -39.91402351716384
/rds/general/user/dtj20/home/signals/NUANCE_SIGNALS/all/D1_3575-170457-0008.wav, -46.5021525591149, -48.11360882953092, -51.3221442333046, -50.17648280832734, -47.29759837881065, -45.05068022321967, -44.310843887401205
/rds/general/user/dtj20/home/signals/NUANCE_SIGNALS/all/P1_237-126133-0006.wav, -44.42845099189518, -46.30244271920834, -50.093902170630756, -47.51056826458782, -43.08118346410655, -40.89866456105086, -41.01234450224476
/rds/general/user/dtj20/home/signals/NUANCE_SIGNALS/all/P1_1320-122612-0012.wav, -40.42287794833361, -46.18113990799695, -47.82999390792906, -43.7833908635255, -42.92144973087411, -41.98050338155413, -41.25705648449763
/rds/general/user/dtj20/home/signals/NUANCE_SIGNALS/all/D2_1320-122612-0016.wav, -46.682410886432876, -48.43654396576017, -51.15347453762649, -50.41054773346288, -48.037759861326855, -46.62690087995182, -46.01021423336227
/rds/general/user/dtj20/home/signals/NUANCE_SIGNALS/all/D1_1580-141083-0000.wav, -47.345587141406604, -48.18551767780974, -50.33767464789571, -48.6109461326875, -45.93865275199265, -43.956772420265786, -43.5985719866366
/rds/general/user/dtj20/home/signals/NUANCE_SIGNALS/all/D2_1089-134686-0022.wav, -47.04984167539876, -49.08174267754834, -52.70706046035504, -52.164080980914285, -48.990020567502526, -46.8151646429762, -45.87904778515132
/rds/general/user/dtj20/home/signals/NUANCE_SIGNALS/all/D1_1995-1826-0000.wav, -48.41088086261365, -50.56848713687483, -53.817176765860424, -52.26928850792383, -48.868496644713616, -46.14692541300066, -44.92525208706256
/rds/general/user/dtj20/home/signals/NUANCE_SIGNALS/all/P2_2300-131720-0016.wav, -40.26172255602322, -42.23459612535599, -45.97323706750592, -45.07333229484744, -42.01165348489881, -39.93440434721956, -39.20466215862597
/rds/general/user/dtj20/home/signals/NUANCE_SIGNALS/all/D1_1580-141083-0014.wav, -44.081428502683195, -45.11256281736947, -47.095825493378136, -45.27877099547044, -43.01689118161395, -41.09622339812365, -39.8107082470751
/rds/general/user/dtj20/home/signals/NUANCE_SIGNALS/all/P1_237-126133-0001.wav, -33.47616279877714, -41.63174417439112, -47.36109669970637, -36.40681476797712, -30.295857895674935, -28.111309983319764, -29.75812102519076
/rds/general/user/dtj20/home/signals/NUANCE_SIGNALS/all/P2_1580-141083-0004.wav, -43.254421027832834, -44.59224340683989, -48.01858648236401, -47.62780828802252, -45.125864325383574, -43.65820654467383, -43.90597076238887
/rds/general/user/dtj20/home/signals/NUANCE_SIGNALS/all/D1_3570-5694-0005.wav, -48.68529700308625, -50.21071046525124, -53.12618681246538, -52.04866850743748, -49.615463100786094, -47.79154949646007, -46.820191071463356
/rds/general/user/dtj20/home/signals/NUANCE_SIGNALS/all/D2_237-126133-0001.wav, -46.21323319648024, -47.96025277981259, -51.8898695784608, -50.83294240903668, -47.44065508623117, -46.09926562765904, -46.239139084339854
/rds/general/user/dtj20/home/signals/NUANCE_SIGNALS/all/P1_1995-1826-0009.wav, -48.83158383409998, -51.37794813194563, -54.01720633674296, -52.76200998434035, -49.02182455553331, -46.50615381200091, -46.208682057388785
/rds/general/user/dtj20/home/signals/NUANCE_SIGNALS/all/P2_3570-5694-0012.wav, -42.05754206709109, -44.207429095125626, -48.96908960378158, -47.969345181828416, -43.511901138967175, -40.870606520496786, -39.728678007789526
/rds/general/user/dtj20/home/signals/NUANCE_SIGNALS/all/P2_2300-131720-0013.wav, -40.52409351624782, -42.1068343348915, -45.141839425821864, -44.44416189454693, -42.508353309929994, -40.70425528137666, -40.132449931786354
/rds/general/user/dtj20/home/signals/NUANCE_SIGNALS/all/D1_1284-1180-0003.wav, -44.7832542334104, -47.02105641390957, -51.39501077473924, -50.42581194029424, -46.456643986760255, -43.630804411613056, -42.269788583608666
/rds/general/user/dtj20/home/signals/NUANCE_SIGNALS/all/P1_3570-5694-0004.wav, -45.17773530780122, -46.84677356554477, -50.32942800047867, -49.6122511542876, -46.21422146719057, -44.27298783710975, -43.96283688541378
/rds/general/user/dtj20/home/signals/NUANCE_SIGNALS/all/P1_2300-131720-0014.wav, -46.17642251251, -48.45405827096516, -50.912805211692955, -49.35577708722536, -46.60240202728755, -44.606246423532085, -44.414835358290176
/rds/general/user/dtj20/home/signals/NUANCE_SIGNALS/all/P2_237-126133-0006.wav, -39.24846105194409, -40.6300428637017, -45.19317007537982, -45.98323405436331, -43.352565185492224, -41.6768612796535, -41.044362320823794
/rds/general/user/dtj20/home/signals/NUANCE_SIGNALS/all/P2_237-126133-0000.wav, -43.749299272193085, -45.26969689362103, -48.66707354670574, -48.00090184476511, -45.15939676669424, -43.61854566550242, -43.34362553489517
/rds/general/user/dtj20/home/signals/NUANCE_SIGNALS/all/D2_237-126133-0008.wav, -49.92539914066198, -51.661492990537695, -55.230157482950645, -54.299423588817504, -51.22903927726064, -49.526703107383405, -49.000496556150054
/rds/general/user/dtj20/home/signals/NUANCE_SIGNALS/all/D1_1284-1180-0017.wav, -45.0385316904125, -46.84499602073622, -50.69552750771031, -49.63866967340571, -45.18255410304903, -42.21717069831054, -40.93727681826831
/rds/general/user/dtj20/home/signals/NUANCE_SIGNALS/all/P1_2300-131720-0008.wav, -42.37104454913623, -45.073877962138965, -49.040155854218604, -47.92421748789238, -44.09774522174189, -41.8265691658427, -41.67312136922233
/rds/general/user/dtj20/home/signals/NUANCE_SIGNALS/all/P1_237-126133-0007.wav, -43.533648399895604, -46.460490606275116, -50.587019093747145, -47.2278954018648, -42.30237524313887, -40.278502669510615, -41.16228719908038
/rds/general/user/dtj20/home/signals/NUANCE_SIGNALS/all/D2_1580-141083-0014.wav, -42.112284712355226, -44.13799571372198, -47.60434304239197, -47.03163821635102, -44.30122512627558, -42.85073361375122, -42.546710427619345
/rds/general/user/dtj20/home/signals/NUANCE_SIGNALS/all/P1_1089-134686-0022.wav, -45.505347151816906, -47.866921769036736, -52.03865347979877, -50.12358669117176, -45.48625328935579, -42.90443359367271, -42.42511351474174
/rds/general/user/dtj20/home/signals/NUANCE_SIGNALS/all/D2_1320-122612-0012.wav, -37.324369799869274, -39.76533513160622, -44.02192426509626, -41.10283105418992, -35.0644542587597, -31.267037960817333, -29.734318155659953
/rds/general/user/dtj20/home/signals/NUANCE_SIGNALS/all/P2_1284-1180-0017.wav, -42.6599404317967, -45.035180896535465, -49.250425943362984, -48.47129231193122, -44.66410347030278, -41.97688409148444, -40.717204698101035
/rds/general/user/dtj20/home/signals/NUANCE_SIGNALS/all/P2_1995-1826-0009.wav, -45.515646642976996, -47.69018806980095, -50.83793135147637, -50.82793833230027, -47.67792752927399, -45.28867131087019, -44.115300615533414
/rds/general/user/dtj20/home/signals/NUANCE_SIGNALS/all/D1_2300-131720-0008.wav, -46.16414542610343, -47.48438502741406, -50.07861237320357, -48.878867678337556, -46.36901381426476, -44.4108437422834, -43.866985297912265
/rds/general/user/dtj20/home/signals/NUANCE_SIGNALS/all/D2_1320-122612-0001.wav, -34.63677086194832, -37.70008731167716, -46.95225337215511, -46.10622531520087, -43.25223124788068, -40.72190649884671, -37.19631563144948
/rds/general/user/dtj20/home/signals/NUANCE_SIGNALS/all/P2_1995-1826-0000.wav, -45.64326664705317, -48.28314148145613, -52.753724963741824, -52.194670898942206, -48.3067755583589, -45.52244246361308, -43.881153833002
/rds/general/user/dtj20/home/signals/NUANCE_SIGNALS/all/D1_1089-134686-0016.wav, -49.93496872700546, -51.22931986343517, -54.06605326383709, -53.02038264434405, -50.2736980811205, -48.578933344345224, -47.84465789642722
/rds/general/user/dtj20/home/signals/NUANCE_SIGNALS/all/P1_1320-122612-0013.wav, -46.00925716593946, -47.74223539414148, -49.04207683096808, -48.50139449353409, -46.71824522594466, -45.299338924038686, -44.723791505447736
/rds/general/user/dtj20/home/signals/NUANCE_SIGNALS/all/P2_1089-134686-0016.wav, -45.76664635116471, -45.73821748570168, -49.2503076024829, -48.852635095129784, -46.07586726076298, -45.248534135613234, -45.49633423413936
/rds/general/user/dtj20/home/signals/NUANCE_SIGNALS/all/P1_1580-141083-0013.wav, -35.13679938951936, -37.18286702163812, -39.23441529972546, -41.41873426426181, -39.776468025635964, -36.95762341614531, -37.39411264296148
/rds/general/user/dtj20/home/signals/NUANCE_SIGNALS/all/P1_1284-1180-0017.wav, -43.75352606906869, -47.22396673273414, -51.349418294698026, -48.18649613656018, -43.37716169996532, -41.37616452989751, -41.9753139127254
/rds/general/user/dtj20/home/signals/NUANCE_SIGNALS/all/P2_1580-141083-0013.wav, -37.84390584998513, -39.52009951498846, -43.161898406197196, -42.24900927051989, -38.978487659315725, -37.02982083499041, -36.90686924225628
/rds/general/user/dtj20/home/signals/NUANCE_SIGNALS/all/P2_121-121726-0003.wav, -35.66416253015878, -37.08256058529096, -41.377808041505716, -42.210379921450624, -40.26560486847945, -39.08705795019423, -38.70553374915913
/rds/general/user/dtj20/home/signals/NUANCE_SIGNALS/all/P1_1284-1180-0014.wav, -46.065179063425596, -48.53298324572705, -52.714394567220914, -50.672946363893715, -46.96315199715153, -44.898424447965766, -43.78658785373584
/rds/general/user/dtj20/home/signals/NUANCE_SIGNALS/all/D2_237-126133-0006.wav, -45.455241156399346, -47.349385807907716, -51.28181110259372, -50.25914070566698, -46.6000484563349, -44.61805907819215, -43.97659783206882
/rds/general/user/dtj20/home/signals/NUANCE_SIGNALS/all/D1_1580-141083-0013.wav, -43.45197634607377, -44.69729162650411, -47.72735024728838, -45.8285983221808, -42.55822204625989, -40.25392987142886, -39.25744432315845
/rds/general/user/dtj20/home/signals/NUANCE_SIGNALS/all/D2_3570-5694-0014.wav, -45.52730170935382, -47.89742600594401, -51.939637464403106, -50.30890363451441, -46.7475979390636, -44.64062881967382, -43.62497094849512
/rds/general/user/dtj20/home/signals/NUANCE_SIGNALS/all/P1_2300-131720-0013.wav, -43.70155555453837, -45.56678317694399, -48.69656723917135, -47.1774341415641, -43.79391732727808, -41.92177291013536, -41.75787407736591
/rds/general/user/dtj20/home/signals/NUANCE_SIGNALS/all/D1_237-126133-0001.wav, -47.42524369828527, -49.00644602394088, -51.89733676171673, -50.250045325329594, -46.44822226394724, -43.816466780472524, -43.31618227366679
/rds/general/user/dtj20/home/signals/NUANCE_SIGNALS/all/P1_1580-141083-0014.wav, -41.588544063288005, -43.2489589522299, -45.11293128851905, -44.23998751960415, -41.92478633526022, -40.021585241628884, -39.1954564466981
/rds/general/user/dtj20/home/signals/NUANCE_SIGNALS/all/D2_1580-141083-0004.wav, -44.597317008930226, -47.11208309668407, -46.39171317298771, -47.94038885749907, -41.85147752527638, -41.437571570777074, -41.115764892961614
/rds/general/user/dtj20/home/signals/NUANCE_SIGNALS/all/P1_2300-131720-0016.wav, -43.34210441493703, -45.133405226306856, -48.65636544834571, -46.71161567020327, -43.54928283031009, -41.69070481324983, -41.23164522382033
/rds/general/user/dtj20/home/signals/NUANCE_SIGNALS/all/P1_121-121726-0009.wav, -43.92269521631463, -45.94944910478201, -49.586998886650065, -48.241553100609494, -44.40761246180659, -42.59220918554223, -42.857369246054844
/rds/general/user/dtj20/home/signals/NUANCE_SIGNALS/all/D2_121-121726-0000.wav, -43.88431637860101, -45.55830097174473, -49.36967011918351, -48.53151515537961, -45.48498643331706, -44.25061407695854, -43.81543861234903
/rds/general/user/dtj20/home/signals/NUANCE_SIGNALS/all/P1_1089-134686-0000.wav, -44.158038620112606, -47.65282332213464, -51.232313801123716, -46.99856273884728, -41.70941890150549, -39.404737771241386, -40.12650577267934
/rds/general/user/dtj20/home/signals/NUANCE_SIGNALS/all/P1_1995-1826-0021.wav, -48.03083926155469, -49.92235489019582, -52.99168471827965, -52.458838367295506, -49.63257755596387, -47.42894990816965, -46.35387851145837
/rds/general/user/dtj20/home/signals/NUANCE_SIGNALS/all/P1_237-126133-0000.wav, -45.13492803000666, -46.63279424939663, -50.19084101485595, -49.07252113533011, -45.045435331241485, -42.65330325438057, -42.34405345837048
/rds/general/user/dtj20/home/signals/NUANCE_SIGNALS/all/D2_2300-131720-0014.wav, -44.69671672856016, -47.34408048017164, -51.36758537710742, -50.49593470399639, -47.60430775111612, -45.94112668707609, -45.449233493350306
/rds/general/user/dtj20/home/signals/NUANCE_SIGNALS/all/D1_1580-141083-0008.wav, -45.59923965390642, -47.4155634301102, -50.13277170396296, -47.22343299944651, -44.06323342970548, -42.68967414286778, -42.81026981425414
/rds/general/user/dtj20/home/signals/NUANCE_SIGNALS/all/D2_1320-122612-0009.wav, -44.951429019834436, -47.55378629484586, -50.94405558302958, -49.08425551611708, -45.66795660108251, -43.87363550644387, -43.183160701064615
/rds/general/user/dtj20/home/signals/NUANCE_SIGNALS/all/D2_121-121726-0007.wav, -42.401950349422144, -43.60929372636549, -47.232340231807335, -46.001556801024705, -42.70708489497149, -42.31493749061494, -43.35428203352831
/rds/general/user/dtj20/home/signals/NUANCE_SIGNALS/all/D1_3570-5694-0004.wav, -41.822356839270675, -42.22256098605325, -45.802925415700756, -48.04653882167523, -45.55114213892001, -43.533450364632664, -43.23260353132676
/rds/general/user/dtj20/home/signals/NUANCE_SIGNALS/all/D2_1284-1180-0001.wav, -45.299146742870946, -47.75056779175641, -52.18756873784635, -51.38074958105702, -47.590501223109555, -45.300943406994485, -44.223003679811434
/rds/general/user/dtj20/home/signals/NUANCE_SIGNALS/all/P1_3570-5694-0012.wav, -42.101353183115904, -42.53735758655254, -44.711680957142846, -47.79460673846175, -40.697157615472065, -39.37218524397251, -40.21882604046985
/rds/general/user/dtj20/home/signals/NUANCE_SIGNALS/all/D1_1995-1826-0017.wav, -47.9540474200998, -49.64728954121292, -52.873982776835994, -52.16330856391278, -49.2795066143437, -46.97335589880374, -45.91111307571901
/rds/general/user/dtj20/home/signals/NUANCE_SIGNALS/all/D1_2300-131720-0005.wav, -43.49450178505447, -45.05998046431812, -48.326145641210125, -47.073581012703684, -43.411047849439875, -41.209008645257185, -40.069017606568174
/rds/general/user/dtj20/home/signals/NUANCE_SIGNALS/all/P2_121-121726-0000.wav, -40.87068742779699, -42.27922778761879, -46.33200242376973, -46.50742380438446, -43.567872173457296, -41.85944706246647, -41.1635319585408
/rds/general/user/dtj20/home/signals/NUANCE_SIGNALS/all/D1_1284-1180-0011.wav, -40.3137063099917, -43.143500409300124, -47.62764416174711, -45.536437376936966, -40.52901226814028, -37.08572554450997, -35.870989740949184
/rds/general/user/dtj20/home/signals/NUANCE_SIGNALS/all/D1_1320-122612-0012.wav, -45.58162893298113, -47.464390094197604, -48.25721285884338, -49.69458341617661, -44.51987904803728, -42.387948602493815, -42.95430588021917
/rds/general/user/dtj20/home/signals/NUANCE_SIGNALS/all/P1_121-121726-0003.wav, -40.48104781635416, -42.12436301225753, -46.05909754802965, -45.13842744230536, -41.56120148324716, -40.004691458609756, -39.42275941676131
/rds/general/user/dtj20/home/signals/NUANCE_SIGNALS/all/D2_3570-5694-0004.wav, -45.14716212933176, -47.97339558558618, -51.478193080846246, -50.274459145583414, -46.42406539080203, -44.75942336743435, -44.81108525984679
/rds/general/user/dtj20/home/signals/NUANCE_SIGNALS/all/P1_1284-1180-0011.wav, -39.508586311880464, -42.20398498250758, -46.890479771776285, -46.42960532617917, -42.33189188971251, -39.85620808687722, -39.013436560911714
/rds/general/user/dtj20/home/signals/NUANCE_SIGNALS/all/P2_237-126133-0001.wav, -42.574724936201235, -42.980611982485954, -46.61397864709447, -46.753794903002685, -42.45628784423743, -41.986445348650534, -43.370165524141555
/rds/general/user/dtj20/home/signals/NUANCE_SIGNALS/all/D2_121-121726-0009.wav, -44.34537499485514, -45.62425640150466, -48.96514137350208, -47.910209502736016, -44.76576565658539, -43.120994834643476, -42.27985813800282
/rds/general/user/dtj20/home/signals/NUANCE_SIGNALS/all/D1_121-121726-0003.wav, -42.879765623799855, -44.418294775251674, -47.15762134409843, -45.137416128276904, -41.6977893278773, -39.82597377163036, -39.366770075225205
/rds/general/user/dtj20/home/signals/NUANCE_SIGNALS/all/D1_237-126133-0006.wav, -46.28468049754419, -48.448667678421955, -51.45297869553722, -49.904144654169016, -46.308089745676774, -43.95936646884792, -43.35863451165321
/rds/general/user/dtj20/home/signals/NUANCE_SIGNALS/all/D2_237-126133-0007.wav, -45.419698147515, -47.21447357140525, -51.065166711153836, -49.995303119614256, -46.69239329234473, -45.11434686861817, -44.613991050201285
/rds/general/user/dtj20/home/signals/NUANCE_SIGNALS/all/P1_3570-5694-0011.wav, -46.83745152161144, -49.11902466100494, -52.16030632136774, -51.77338302415486, -48.522399462086476, -46.17928542034243, -45.236050247149564
/rds/general/user/dtj20/home/signals/NUANCE_SIGNALS/all/P2_1320-122612-0012.wav, -44.1912671099725, -45.8102665217763, -47.727106453047554, -46.746782367739485, -45.3191183576632, -43.703925191514664, -43.54602883096661
/rds/general/user/dtj20/home/signals/NUANCE_SIGNALS/all/P2_3570-5694-0005.wav, -46.46078159138511, -48.1330003251807, -52.07501676131744, -51.599714112094055, -48.753410928106895, -46.714684267240486, -45.69923958109983
/rds/general/user/dtj20/home/signals/NUANCE_SIGNALS/all/D2_1320-122612-0013.wav, -46.463114308334795, -48.38137963752611, -50.589648444551, -51.15178137412706, -49.17410206928025, -47.331989214522125, -46.60179619416564
/rds/general/user/dtj20/home/signals/NUANCE_SIGNALS/all/P2_3575-170457-0008.wav, -42.00737502956973, -43.94530308631288, -48.168915592687085, -47.19114218976514, -43.09926712238226, -40.53808407421741, -39.447844165739625
/rds/general/user/dtj20/home/signals/NUANCE_SIGNALS/all/D2_3570-5694-0012.wav, -46.30887267070158, -48.57181434180097, -53.30556846174617, -52.444453198166116, -48.484942542569804, -46.3650589300564, -45.16025065864913
/rds/general/user/dtj20/home/signals/NUANCE_SIGNALS/all/P2_2300-131720-0014.wav, -43.86763045536518, -45.29620320083567, -47.88184869633415, -46.829591122322284, -45.176840365668376, -43.75888044739904, -43.08414592056809
/rds/general/user/dtj20/home/signals/NUANCE_SIGNALS/all/P2_121-121726-0009.wav, -40.182975727688124, -43.0204438701626, -44.59939502836384, -44.44483390670904, -42.961568684556575, -41.159566797024205, -41.88786938832287
/rds/general/user/dtj20/home/signals/NUANCE_SIGNALS/all/P2_3570-5694-0004.wav, -44.312025000099, -46.09846314963693, -49.094828557231544, -48.554166107004065, -46.23773258594692, -44.27958412314463, -43.4539379411581
/rds/general/user/dtj20/home/signals/NUANCE_SIGNALS/all/D1_1089-134686-0004.wav, -43.04807455580581, -44.89168760002157, -48.56715369117702, -46.78703717028967, -42.648766589518694, -39.86915688933504, -38.58159850182949
/rds/general/user/dtj20/home/signals/NUANCE_SIGNALS/all/D2_1089-134686-0004.wav, -42.901844207168466, -45.42516360691624, -49.73800647421734, -48.60267020170188, -44.977411271699246, -43.23677089089402, -42.86595156853249
/rds/general/user/dtj20/home/signals/NUANCE_SIGNALS/all/P2_237-126133-0007.wav, -40.824172386259505, -42.60532964389953, -47.042055726343804, -46.20642933168165, -42.30644151435548, -40.20919209841014, -39.941076887416365
/rds/general/user/dtj20/home/signals/NUANCE_SIGNALS/all/P2_1320-122612-0016.wav, -44.748717614072376, -46.399321609393894, -49.598636559004284, -48.90320295939625, -46.31469758898386, -44.64360443477922, -43.98712299304192
/rds/general/user/dtj20/home/signals/NUANCE_SIGNALS/all/D2_2300-131720-0005.wav, -42.58211859237515, -44.89310629301856, -48.75328106719972, -46.90439689511109, -42.993017187635694, -40.92776837019231, -39.79300949402972
/rds/general/user/dtj20/home/signals/NUANCE_SIGNALS/all/P2_3575-170457-0020.wav, -38.77687938464278, -40.819034630157766, -45.15748932719008, -43.80953000627969, -39.26187571592515, -37.109890917973686, -37.32170236072723
/rds/general/user/dtj20/home/signals/NUANCE_SIGNALS/all/D2_2300-131720-0016.wav, -42.04536406304314, -44.40315467102466, -48.466077479037544, -47.561451581672365, -44.01798187191928, -42.08153895752095, -41.429059372284414
/rds/general/user/dtj20/home/signals/NUANCE_SIGNALS/all/D2_1995-1826-0009.wav, -46.92189677964208, -49.16506971773701, -52.763628204951644, -52.10187999344959, -48.63884061856361, -46.572964605393636, -45.50108303634812
/rds/general/user/dtj20/home/signals/NUANCE_SIGNALS/all/D2_3570-5694-0005.wav, -47.65563340472254, -50.16398612794844, -54.05257822238235, -52.9283498836816, -49.40076530255546, -47.738488490003064, -46.878986661900484
/rds/general/user/dtj20/home/signals/NUANCE_SIGNALS/all/D1_3575-170457-0001.wav, -42.43680308409562, -44.31246361656924, -48.20520926870703, -46.88658755983649, -43.20746619671995, -40.944960235796344, -40.253128032206305
/rds/general/user/dtj20/home/signals/NUANCE_SIGNALS/all/P2_1284-1180-0011.wav, -37.23579360301028, -39.51837945375114, -44.14006453640685, -43.75226698828489, -39.744158965303576, -37.29838396059162, -36.36071168154568
/rds/general/user/dtj20/home/signals/NUANCE_SIGNALS/all/P1_1320-122612-0001.wav, -41.44433081302936, -41.85538553404659, -43.11075707998921, -42.88498706070432, -40.85697790408473, -38.94623073022422, -38.25901871080893
/rds/general/user/dtj20/home/signals/NUANCE_SIGNALS/all/D1_237-126133-0000.wav, -47.264334475691626, -48.635336327350515, -50.982086280510444, -48.98834943719878, -45.92819559817913, -43.918852583946276, -43.43635377043955
/rds/general/user/dtj20/home/signals/NUANCE_SIGNALS/all/P2_1284-1180-0014.wav, -43.112384443797616, -45.177552191917584, -49.66543747932124, -48.873165516894076, -44.81800202805029, -41.991251301179666, -40.77907799977129
/rds/general/user/dtj20/home/signals/NUANCE_SIGNALS/all/D2_1284-1180-0003.wav, -40.83012381178313, -43.35459605316957, -48.35682081653398, -47.33681201002996, -42.48029753727808, -39.435084761293645, -38.038305446251854
/rds/general/user/dtj20/home/signals/NUANCE_SIGNALS/all/D1_1284-1180-0014.wav, -46.85270805526045, -48.96145746329697, -52.85100321387995, -51.74093047674173, -48.10252023605364, -45.746509829168495, -44.529759073212894
/rds/general/user/dtj20/home/signals/NUANCE_SIGNALS/all/P1_1284-1180-0003.wav, -39.171530630037424, -42.1834207894861, -47.6573254047032, -47.20577155625676, -43.019734409143354, -40.736193981301774, -40.247273595111835
/rds/general/user/dtj20/home/signals/NUANCE_SIGNALS/all/P2_3570-5694-0011.wav, -44.2241715752344, -46.53154721676447, -50.62385283503439, -49.49935741747091, -46.44963098668221, -44.096935782027714, -42.92847573374522
/rds/general/user/dtj20/home/signals/NUANCE_SIGNALS/all/P2_1284-1180-0003.wav, -41.33471734459023, -43.505971516251634, -48.334489055884816, -47.52497020325827, -43.25714171462315, -40.765751941784345, -39.94086522505664
/rds/general/user/dtj20/home/signals/NUANCE_SIGNALS/all/P1_1284-1180-0001.wav, -42.099631325828156, -45.72914559941789, -50.60732181286699, -46.59938090422692, -41.649731282390846, -39.45512010439174, -39.88820962546269
/rds/general/user/dtj20/home/signals/NUANCE_SIGNALS/all/D2_1284-1180-0014.wav, -46.26970461694414, -48.69728607242878, -53.21407625300343, -51.857429800103915, -48.57944234379736, -46.501319324839486, -45.19015916781414
/rds/general/user/dtj20/home/signals/NUANCE_SIGNALS/all/D2_1995-1826-0017.wav, -47.26815675454476, -49.31020422873609, -52.5126575753404, -51.701287091143506, -49.12143899269736, -47.111465217849954, -45.86779217984862
/rds/general/user/dtj20/home/signals/NUANCE_SIGNALS/all/D1_121-121726-0009.wav, -45.562782756764086, -46.83026152214527, -47.458094387789906, -44.812288081468566, -43.944933798905495, -42.451260193505796, -40.46757120894489
/rds/general/user/dtj20/home/signals/NUANCE_SIGNALS/all/D2_2300-131720-0013.wav, -42.95643385971944, -46.12475929117714, -49.879815894365684, -48.62689780262855, -45.44650802944774, -43.84960969907576, -43.0918092683159
/rds/general/user/dtj20/home/signals/NUANCE_SIGNALS/all/P2_1089-134686-0008.wav, -45.13527789888697, -46.69632788351656, -50.16708116296715, -49.681527301274784, -46.510691434534806, -44.424082009306716, -43.85113487561533
/rds/general/user/dtj20/home/signals/NUANCE_SIGNALS/all/P1_237-126133-0008.wav, -49.51207551261901, -51.55313581272905, -55.393555406955535, -54.081013805077504, -50.18880673865895, -48.11230711867543, -47.731310507615696
/rds/general/user/dtj20/home/signals/NUANCE_SIGNALS/all/D2_3575-170457-0008.wav, -46.41108888339388, -48.68400173433984, -52.04121808102259, -51.298548724741835, -47.90654298444412, -46.00355252593032, -45.00147929769801
/rds/general/user/dtj20/home/signals/NUANCE_SIGNALS/all/D2_3575-170457-0013.wav, -45.05169864630619, -46.992705741112715, -50.55563499858906, -49.93642204545254, -46.72413646379857, -45.108912341581444, -44.791822424528306
/rds/general/user/dtj20/home/signals/NUANCE_SIGNALS/all/P1_1089-134686-0004.wav, -41.835297938303846, -43.98932758196992, -48.04002009517083, -46.961837903033334, -42.921647383349146, -40.77433568294431, -40.68828359131511
/rds/general/user/dtj20/home/signals/NUANCE_SIGNALS/all/D2_1089-134686-0008.wav, -48.10968320287963, -50.261305433038295, -53.29840503414013, -52.90006774111667, -49.24775888184815, -47.52426035743803, -46.64692818547921
/rds/general/user/dtj20/home/signals/NUANCE_SIGNALS/all/D1_2300-131720-0013.wav, -40.54787230918787, -43.513098741763194, -47.562637410550266, -42.974399423958005, -37.8946723250782, -34.57904158015739, -33.629250598354275
/rds/general/user/dtj20/home/signals/NUANCE_SIGNALS/all/D1_3575-170457-0013.wav, -43.167691380636, -44.92971642991392, -48.97541502685093, -47.4171167953476, -42.69082846513414, -39.721612754488035, -38.5185187162183
/rds/general/user/dtj20/home/signals/NUANCE_SIGNALS/all/D2_1995-1826-0021.wav, -47.17386806411489, -49.366423876035, -52.852534490143256, -45.59435937246397, -49.66628468997669, -47.56958791523048, -46.01310451439868
/rds/general/user/dtj20/home/signals/NUANCE_SIGNALS/all/P2_1089-134686-0000.wav, -42.994965884816736, -44.71398020155665, -48.781362870653766, -48.06685638454809, -44.705710233950605, -42.6963479274221, -42.11046283204169
/rds/general/user/dtj20/home/signals/NUANCE_SIGNALS/all/P1_1580-141083-0008.wav, -40.91174564882252, -45.36594349332753, -48.72713348378859, -43.475813377555575, -38.368512461261716, -36.302903484781346, -37.60859999860793
/rds/general/user/dtj20/home/signals/NUANCE_SIGNALS/all/P2_121-121726-0007.wav, -43.421458461216886, -44.49020214584966, -47.35772412770582, -47.007603817565794, -44.59951952503065, -43.12513986599802, -42.70438362875299
/rds/general/user/dtj20/home/signals/NUANCE_SIGNALS/all/D1_2300-131720-0014.wav, -47.0883237781387, -48.12863785068, -50.901279628419964, -49.91170198822519, -46.54865316605837, -44.93322621818771, -44.50334895550438
/rds/general/user/dtj20/home/signals/NUANCE_SIGNALS/all/D2_237-126133-0000.wav, -46.07380598340296, -47.88832416666949, -51.4145959389338, -49.892148699010136, -45.646536441910506, -42.98136657858155, -41.82541275771564
/rds/general/user/dtj20/home/signals/NUANCE_SIGNALS/all/D2_3575-170457-0000.wav, -42.627041960713356, -44.35535600725049, -48.255440095181456, -48.07793953523295, -44.044117351848186, -42.008735899946316, -41.48511218201559
/rds/general/user/dtj20/home/signals/NUANCE_SIGNALS/all/D1_3570-5694-0014.wav, -45.07702531916409, -47.159414543028824, -50.96427832059592, -49.48430519130834, -45.35700433737765, -42.481242557910136, -41.26240023305399
/rds/general/user/dtj20/home/signals/NUANCE_SIGNALS/all/D2_121-121726-0003.wav, -41.276654122583224, -43.11753892201283, -46.56100336935411, -45.91051265705984, -42.320137323073475, -41.17759383263618, -41.10662610019682
/rds/general/user/dtj20/home/signals/NUANCE_SIGNALS/all/D1_1089-134686-0008.wav, -47.670638150882624, -49.458864862323566, -53.156398442273655, -51.823702615818696, -48.15109126062627, -45.38347746068634, -44.3069466270687
/rds/general/user/dtj20/home/signals/NUANCE_SIGNALS/all/D1_1089-134686-0022.wav, -46.52232570165482, -48.72100338595912, -52.090637126445685, -50.17656082945376, -47.595379790967414, -45.154014172057856, -44.18888905814512
/rds/general/user/dtj20/home/signals/NUANCE_SIGNALS/all/D1_1320-122612-0016.wav, -47.717971646238894, -48.59450585578725, -51.82128717862204, -50.71069760510237, -47.228377268760944, -46.12611157178626, -45.495874419555456
/rds/general/user/dtj20/home/signals/NUANCE_SIGNALS/all/P2_3575-170457-0000.wav, -40.41756365445635, -41.711955218287414, -45.75449933877012, -44.99814913794342, -41.400853585748585, -39.81156851687751, -39.636898452975025
/rds/general/user/dtj20/home/signals/NUANCE_SIGNALS/all/D1_1320-122612-0001.wav, -44.45736730225124, -45.83544042910955, -48.21389714799175, -47.19978068696449, -45.02292954335945, -42.65596234254072, -41.88242364186989
/rds/general/user/dtj20/home/signals/NUANCE_SIGNALS/all/P1_121-121726-0000.wav, -44.52751802626555, -46.12684344725014, -49.4143192272817, -48.07749938000011, -44.40570517188541, -42.61653067260343, -42.91726149036012
/rds/general/user/dtj20/home/signals/NUANCE_SIGNALS/all/D1_121-121726-0007.wav, -44.8707437974799, -46.64850642889733, -49.524551034406926, -48.10069419723288, -44.110824410871885, -42.20617199724842, -41.961780087180934
/rds/general/user/dtj20/home/signals/NUANCE_SIGNALS/all/P2_1089-134686-0022.wav, -42.4350385259822, -44.373764096239015, -48.69629235218787, -48.01489500858315, -44.44457265240372, -42.54102162834198, -42.103714025307426
/rds/general/user/dtj20/home/signals/NUANCE_SIGNALS/all/D1_121-121726-0004.wav, -46.16347062486875, -48.095526810702594, -51.963174515492966, -50.16740881454741, -46.930193531926335, -45.20192296769697, -44.64147896083418
/rds/general/user/dtj20/home/signals/NUANCE_SIGNALS/all/D1_1995-1826-0021.wav, -47.980692693111266, -49.92078125272387, -52.95365437488457, -50.81035896287818, -48.3272534369528, -46.18809562574678, -45.364928713039816
/rds/general/user/dtj20/home/signals/NUANCE_SIGNALS/all/P1_3570-5694-0005.wav, -48.09259161904721, -49.645807018313064, -53.30404900826512, -50.36860130014959, -48.36593221242197, -46.939221851526966, -46.0445403163922
/rds/general/user/dtj20/home/signals/NUANCE_SIGNALS/all/D2_1284-1180-0017.wav, -46.349244861052924, -48.42071684653175, -52.38779606881466, -51.29968620944819, -48.080135709929536, -46.06824855404617, -44.97780127137535
