/rds/general/user/dtj20/home/signals/NUANCE_SIGNALS/all/P2_1284-1180-0014.wav, -35.00068481309229, -37.43698298764662, -39.92729519915359, -43.45657042536425, -38.186902843305276, -35.432774385398645, -34.63997030520572
/rds/general/user/dtj20/home/signals/NUANCE_SIGNALS/all/D2_1284-1180-0003.wav, -40.555795036898544, -42.399101936798466, -45.75440883568752, -45.805177974102335, -42.979142334913846, -40.212428861329755, -38.64926807893616
/rds/general/user/dtj20/home/signals/NUANCE_SIGNALS/all/D1_1284-1180-0014.wav, -41.484055770725774, -43.794506615352596, -46.619250788149856, -45.52769584894606, -42.884383825272266, -40.49883156573074, -40.00642058187928
/rds/general/user/dtj20/home/signals/NUANCE_SIGNALS/all/P1_1284-1180-0003.wav, -35.80494272976386, -38.690683805163616, -44.23678664426339, -43.46533720340826, -39.010616716633905, -36.51923534004004, -35.788084023156664
/rds/general/user/dtj20/home/signals/NUANCE_SIGNALS/all/D1_1284-1180-0003.wav, -41.97415203775784, -43.772430216508326, -47.72574920176312, -45.82645882610919, -43.15655930268533, -40.88747079449064, -39.61399055621428
/rds/general/user/dtj20/home/signals/NUANCE_SIGNALS/all/P1_3570-5694-0004.wav, -43.90610363547593, -45.59525118628639, -48.80258894914754, -47.90882362367451, -44.19168350121663, -42.04854911046962, -41.01250076278856
/rds/general/user/dtj20/home/signals/NUANCE_SIGNALS/all/P1_2300-131720-0014.wav, -40.4495219023524, -41.297641551216344, -46.88837591906501, -44.885000890102745, -40.914223857249326, -39.95707506218725, -38.846521647804515
/rds/general/user/dtj20/home/signals/NUANCE_SIGNALS/all/P2_237-126133-0006.wav, -39.394901168054176, -40.66018586483157, -44.35035553030158, -45.539116242407964, -42.21097741709177, -40.497424997482916, -39.749228100136875
/rds/general/user/dtj20/home/signals/NUANCE_SIGNALS/all/D2_1089-134686-0004.wav, -38.98479256600703, -41.212814497726775, -46.09617013654521, -47.21194912944612, -43.504101255570866, -41.14266128914775, -39.83918621915545
/rds/general/user/dtj20/home/signals/NUANCE_SIGNALS/all/P2_237-126133-0007.wav, -38.57347420247581, -39.760351602155, -44.074122002560294, -44.854637782871116, -40.767049930008426, -39.0680347611014, -38.655790532119056
/rds/general/user/dtj20/home/signals/NUANCE_SIGNALS/all/P2_1320-122612-0016.wav, -39.14480207447577, -40.80499649229129, -42.59792877623067, -45.29975008063442, -42.60537363293707, -41.66666506917871, -40.482711620503494
/rds/general/user/dtj20/home/signals/NUANCE_SIGNALS/all/D2_2300-131720-0005.wav, -36.09586721814304, -38.54329931396937, -42.80080775689264, -44.39976183064374, -40.839485102739125, -38.36736589919791, -37.00439010364016
/rds/general/user/dtj20/home/signals/NUANCE_SIGNALS/all/P2_1089-134686-0000.wav, -37.76049164405176, -39.02450951519354, -42.1089001940247, -44.80675753330384, -41.56462512271675, -39.71890098883964, -38.78033839599898
/rds/general/user/dtj20/home/signals/NUANCE_SIGNALS/all/P1_1580-141083-0008.wav, -44.36248113636238, -45.86024959734502, -49.57406473289115, -48.15239950320485, -44.97876590971462, -43.40068290172333, -42.85104952946596
/rds/general/user/dtj20/home/signals/NUANCE_SIGNALS/all/P2_121-121726-0007.wav, -38.61583916819971, -39.3775396523387, -39.969808244594496, -43.75629161969323, -41.671960377855974, -40.43855386229652, -39.14874902131781
/rds/general/user/dtj20/home/signals/NUANCE_SIGNALS/all/D1_2300-131720-0014.wav, -39.26952986363479, -42.13552206373762, -44.186950843659325, -43.79055603441773, -40.526636995788195, -38.93226800035024, -38.170949715811645
/rds/general/user/dtj20/home/signals/NUANCE_SIGNALS/all/D1_3570-5694-0012.wav, -41.31226163978631, -42.773852868989124, -44.51355753204312, -42.79640057495412, -41.7183261899858, -40.45880493141009, -38.028835500694754
/rds/general/user/dtj20/home/signals/NUANCE_SIGNALS/all/P1_1995-1826-0017.wav, -42.421076684813144, -44.298208455013196, -47.88289575848157, -46.71033911646764, -43.59965801155254, -41.36689209562678, -40.02571074848284
/rds/general/user/dtj20/home/signals/NUANCE_SIGNALS/all/D1_1995-1826-0015.wav, -42.40047987236668, -43.7742474060089, -46.672499016482476, -43.048567744067476, -41.827078549523684, -40.2409455022697, -39.438923119707646
/rds/general/user/dtj20/home/signals/NUANCE_SIGNALS/all/D1_1995-1826-0009.wav, -41.971777526393254, -43.87998002239242, -46.24495552316102, -44.06836766635556, -42.606019717971215, -40.64609321461382, -38.54833677618528
/rds/general/user/dtj20/home/signals/NUANCE_SIGNALS/all/D1_1089-134686-0008.wav, -45.9730472133904, -47.70984176115185, -49.69219683651808, -48.4896463306136, -45.6195593957201, -43.68571706598534, -42.60885864699936
/rds/general/user/dtj20/home/signals/NUANCE_SIGNALS/all/D1_1089-134686-0022.wav, -43.12912207823843, -45.607375567981386, -48.68234410159218, -47.831785012373665, -44.39288486926053, -41.60915025755599, -40.00574945984206
/rds/general/user/dtj20/home/signals/NUANCE_SIGNALS/all/D1_1320-122612-0016.wav, -43.961568112300085, -44.668416148964695, -45.7893021830277, -45.33905160890274, -43.34338973575062, -42.221149689823974, -41.04107825632568
/rds/general/user/dtj20/home/signals/NUANCE_SIGNALS/all/P2_3575-170457-0000.wav, -34.669944985134855, -36.760275016450194, -39.62674032853738, -41.997264439949255, -38.80330761678088, -36.676616307680696, -35.71741998414472
/rds/general/user/dtj20/home/signals/NUANCE_SIGNALS/all/D1_1320-122612-0009.wav, -40.94551690607696, -42.567517170883555, -42.73097471767837, -42.95372994842869, -41.614543560468604, -38.74568011732238, -37.349079386389676
/rds/general/user/dtj20/home/signals/NUANCE_SIGNALS/all/P1_3575-170457-0001.wav, -38.26706269615566, -40.28677336253373, -43.02532668526456, -42.95593814425345, -40.13322232481043, -38.33488627850596, -36.99708335381323
/rds/general/user/dtj20/home/signals/NUANCE_SIGNALS/all/D2_1995-1826-0015.wav, -36.78414257248771, -39.12353755400915, -41.5419801591407, -44.15041246868255, -43.404369935709894, -40.55693901528851, -39.47402937610184
/rds/general/user/dtj20/home/signals/NUANCE_SIGNALS/all/P2_2300-131720-0008.wav, -35.946257076877394, -37.66759491049265, -41.036534053772584, -45.24165802550618, -41.82950775247605, -39.764583137548456, -38.14648884655125
/rds/general/user/dtj20/home/signals/NUANCE_SIGNALS/all/P1_1320-122612-0016.wav, -44.85541584172667, -46.397708224334544, -47.92604451245542, -46.57720243510016, -44.538841408665554, -42.58285996023535, -41.28570014640951
/rds/general/user/dtj20/home/signals/NUANCE_SIGNALS/all/D1_3575-170457-0000.wav, -39.16223707977679, -41.30838486122823, -41.721657261376286, -40.51200979191261, -40.56008043189583, -38.10636628106356, -37.43700871423554
/rds/general/user/dtj20/home/signals/NUANCE_SIGNALS/all/D2_1089-134686-0016.wav, -43.56009534714204, -45.38920269333894, -47.92519778403329, -48.81863870421776, -46.82017093182079, -44.96037571944132, -44.62889690573704
/rds/general/user/dtj20/home/signals/NUANCE_SIGNALS/all/D1_121-121726-0000.wav, -42.962961931023614, -45.05124224294632, -48.08279654297765, -46.57830947483361, -44.07262553531771, -41.48594929179974, -40.470305920397905
/rds/general/user/dtj20/home/signals/NUANCE_SIGNALS/all/D1_1580-141083-0014.wav, -42.88311102065621, -44.18634553939435, -46.653263873856716, -45.73033212134062, -42.416227134776506, -40.47663205084069, -39.43761947691232
/rds/general/user/dtj20/home/signals/NUANCE_SIGNALS/all/P1_237-126133-0001.wav, -44.88402101958941, -46.969762060795176, -51.62004790727419, -50.90104191552439, -47.124632092215094, -45.03369166167175, -44.15123152930732
/rds/general/user/dtj20/home/signals/NUANCE_SIGNALS/all/P2_1580-141083-0004.wav, -40.98029857339142, -42.32856929105572, -43.84483726961469, -46.28348376059367, -42.682378753172365, -41.57791606315685, -41.0349203317097
/rds/general/user/dtj20/home/signals/NUANCE_SIGNALS/all/D1_3570-5694-0005.wav, -45.31432333050979, -47.191464461584054, -50.058867046437115, -48.63760610385193, -45.372755270703564, -43.37244944079866, -42.342820995310014
/rds/general/user/dtj20/home/signals/NUANCE_SIGNALS/all/P1_237-126133-0008.wav, -46.17949424650754, -48.597085538152704, -53.247935976068376, -52.07983308009589, -48.18366217367651, -45.91924304123555, -45.01717678308506
/rds/general/user/dtj20/home/signals/NUANCE_SIGNALS/all/D2_3575-170457-0008.wav, -37.13022290280998, -39.12165079905503, -43.39187329992184, -47.60342361364279, -44.085546002452446, -41.950463660678274, -40.78846708229048
/rds/general/user/dtj20/home/signals/NUANCE_SIGNALS/all/D2_3575-170457-0013.wav, -39.37274766659997, -40.87085639965092, -43.480303741460105, -46.662954345397516, -44.80020934154615, -42.84528819587507, -41.40063031615319
/rds/general/user/dtj20/home/signals/NUANCE_SIGNALS/all/P1_1089-134686-0004.wav, -39.0600195669225, -41.65632732081397, -46.44167780329824, -45.69352644294915, -41.66424412121601, -38.748624310357236, -37.33615937596701
/rds/general/user/dtj20/home/signals/NUANCE_SIGNALS/all/D2_1580-141083-0000.wav, -43.29838087839043, -44.58072041193884, -48.450182554523366, -50.94495325241907, -48.35937102510525, -46.963712932435485, -47.03677416259298
/rds/general/user/dtj20/home/signals/NUANCE_SIGNALS/all/P1_1580-141083-0004.wav, -43.8398338152452, -45.59271522042139, -49.97331277025158, -48.308362514128085, -45.75742689795576, -44.75854927557102, -44.32861151773764
/rds/general/user/dtj20/home/signals/NUANCE_SIGNALS/all/D1_1580-141083-0004.wav, -45.77831517768119, -48.00707978013414, -50.636945240423515, -49.275985135732576, -46.53122474490685, -44.892533532523096, -43.879700572506465
/rds/general/user/dtj20/home/signals/NUANCE_SIGNALS/all/D2_1284-1180-0011.wav, -32.711441320822246, -35.22945704219928, -39.14734255328935, -42.74849969904448, -38.797747084625094, -36.579873179256346, -34.83614640393074
/rds/general/user/dtj20/home/signals/NUANCE_SIGNALS/all/P1_1580-141083-0000.wav, -46.12722337081073, -47.55567065532122, -50.593229952919955, -49.05239792660253, -46.5111861633056, -45.684282764238304, -45.136713716117896
/rds/general/user/dtj20/home/signals/NUANCE_SIGNALS/all/P2_3575-170457-0001.wav, -32.433779166391204, -34.18994482757518, -37.35286759901505, -38.37244349357586, -36.371987396695495, -34.9105977646296, -34.12622020854903
/rds/general/user/dtj20/home/signals/NUANCE_SIGNALS/all/D1_3575-170457-0020.wav, -40.12291113556206, -42.228018205371434, -46.68615518005632, -45.1446461539127, -41.087134166871586, -38.348218152971015, -37.40958991550043
/rds/general/user/dtj20/home/signals/NUANCE_SIGNALS/all/P1_2300-131720-0005.wav, -37.150273448138094, -39.75790976146259, -44.51845553474034, -41.732325632624935, -37.729819573320206, -35.322218375080595, -34.262939895811
/rds/general/user/dtj20/home/signals/NUANCE_SIGNALS/all/P2_1580-141083-0014.wav, -36.43182090699434, -37.407189958493056, -39.32095738452672, -41.88112799187816, -38.71361531410541, -37.160767285111625, -36.47707345064002
/rds/general/user/dtj20/home/signals/NUANCE_SIGNALS/all/P2_1320-122612-0013.wav, -38.670554695469555, -40.26550811050817, -42.14010848047509, -46.23333436770331, -43.98952117981261, -42.212415519820254, -40.651054996498885
/rds/general/user/dtj20/home/signals/NUANCE_SIGNALS/all/D2_1089-134686-0000.wav, -41.49778746759048, -43.73210792719544, -47.27539757010929, -48.905951227693116, -45.6108149080024, -43.628345402059125, -42.6464470725114
/rds/general/user/dtj20/home/signals/NUANCE_SIGNALS/all/P2_1320-122612-0009.wav, -35.29681416250377, -37.044148294711135, -38.632034981325695, -41.52511859909008, -38.424461954660266, -37.40951078930432, -35.90921579654178
/rds/general/user/dtj20/home/signals/NUANCE_SIGNALS/all/D2_1580-141083-0013.wav, -37.292365478494915, -38.801526601233995, -42.65293685991172, -44.09958079360314, -41.37362581197755, -39.94471980236709, -40.41027820289875
/rds/general/user/dtj20/home/signals/NUANCE_SIGNALS/all/P1_3575-170457-0013.wav, -41.50963997292266, -43.5959515392437, -46.74353991668621, -45.194625043200034, -41.951879736639164, -40.82165048898274, -39.951770260728864
/rds/general/user/dtj20/home/signals/NUANCE_SIGNALS/all/D2_1580-141083-0008.wav, -40.72507670974336, -42.35183811529229, -46.6653057206198, -48.17297916983464, -44.99472560798174, -43.56963216694493, -43.310785106017626
/rds/general/user/dtj20/home/signals/NUANCE_SIGNALS/all/P2_1995-1826-0017.wav, -39.02038334183939, -40.9008111151088, -41.84038074074111, -43.34295820115638, -43.577958999364014, -41.65302427839801, -40.20268085080211
/rds/general/user/dtj20/home/signals/NUANCE_SIGNALS/all/D1_121-121726-0004.wav, -44.10785526444386, -46.21504864274178, -49.60528219238961, -47.0060704776349, -43.699717163093965, -42.32992130620203, -41.14960681654765
/rds/general/user/dtj20/home/signals/NUANCE_SIGNALS/all/D1_1995-1826-0021.wav, -41.542002863341125, -43.665817853297675, -46.010487598588064, -44.515717796412055, -42.31228522420898, -40.14427508665005, -38.35189474769558
/rds/general/user/dtj20/home/signals/NUANCE_SIGNALS/all/P1_3570-5694-0005.wav, -42.6325502193549, -45.09549252149867, -49.837986993774365, -47.38060331147384, -42.78931364221176, -40.67073603090936, -39.52551298205382
/rds/general/user/dtj20/home/signals/NUANCE_SIGNALS/all/D2_1284-1180-0017.wav, -40.75748481380292, -42.720111133103586, -47.52709989605667, -49.44393728885386, -45.34300489778603, -42.69522537538563, -40.82038132290912
/rds/general/user/dtj20/home/signals/NUANCE_SIGNALS/all/P2_237-126133-0008.wav, -42.14332388151146, -43.17947214531828, -46.960280895524996, -48.394775221972026, -44.273321473675445, -42.61908201818181, -42.08432477241231
/rds/general/user/dtj20/home/signals/NUANCE_SIGNALS/all/D2_1995-1826-0000.wav, -39.50677980005657, -40.43236415495112, -43.512844872318446, -46.73324886591841, -45.06490176980043, -42.58410241433936, -40.675289962835855
/rds/general/user/dtj20/home/signals/NUANCE_SIGNALS/all/P2_1580-141083-0000.wav, -41.317685093817815, -42.910069424357985, -44.221663213897315, -46.85355847060292, -44.14036943114677, -42.55720258865783, -41.51837582302686
/rds/general/user/dtj20/home/signals/NUANCE_SIGNALS/all/D2_3575-170457-0001.wav, -36.60275012744097, -38.19871922952444, -39.026807941999934, -40.75792214781902, -39.44259379396876, -38.73692449834529, -37.866759025770364
/rds/general/user/dtj20/home/signals/NUANCE_SIGNALS/all/D1_1320-122612-0001.wav, -39.50807167477742, -41.58592467647082, -44.599981412069305, -43.78400437194795, -41.0910670132747, -39.415492105649435, -38.20706656484535
/rds/general/user/dtj20/home/signals/NUANCE_SIGNALS/all/P1_121-121726-0000.wav, -41.857225083621394, -43.58382118032943, -47.80371420927236, -46.13165894693513, -42.842342660427164, -40.777364943009104, -40.17173765185616
/rds/general/user/dtj20/home/signals/NUANCE_SIGNALS/all/D1_121-121726-0007.wav, -44.095086886364186, -45.94648006131795, -49.39499865062166, -47.93460614756459, -45.03718243719392, -43.25196705122559, -42.153052849457154
/rds/general/user/dtj20/home/signals/NUANCE_SIGNALS/all/P2_1089-134686-0022.wav, -36.60436173750665, -38.7888450973746, -42.152638493995276, -45.60652373753268, -41.83802963847831, -39.49516099716571, -38.316941925386956
/rds/general/user/dtj20/home/signals/NUANCE_SIGNALS/all/P2_1580-141083-0008.wav, -38.023089397258325, -39.33442946810994, -41.704043035995404, -44.35349434724805, -41.66328702690154, -40.45162136807341, -40.231152805084534
/rds/general/user/dtj20/home/signals/NUANCE_SIGNALS/all/D2_3575-170457-0020.wav, -37.465823903783935, -38.96395206954804, -42.83416503435747, -46.270435083344815, -42.70922713357953, -40.732711374431645, -39.614582330373125
/rds/general/user/dtj20/home/signals/NUANCE_SIGNALS/all/D2_2300-131720-0008.wav, -38.293120802116746, -40.32743528058656, -44.8536641179401, -47.07757456723817, -44.380097517874766, -43.061729655026554, -41.75625649526573
/rds/general/user/dtj20/home/signals/NUANCE_SIGNALS/all/P2_1995-1826-0015.wav, -37.31612238259653, -38.227933227110555, -40.91477451706552, -44.211482941329095, -41.58700146789375, -40.65297383381521, -39.33982760556872
/rds/general/user/dtj20/home/signals/NUANCE_SIGNALS/all/D1_237-126133-0008.wav, -46.58917396014651, -48.347931348437776, -51.617622678633055, -51.05881599772673, -47.42772792614895, -45.10789809452828, -44.02730123253712
/rds/general/user/dtj20/home/signals/NUANCE_SIGNALS/all/P1_3575-170457-0020.wav, -40.57515358129271, -42.976975956773565, -47.68112065392625, -45.58638939297765, -41.60981093630356, -39.33493475970005, -38.36775348543898
/rds/general/user/dtj20/home/signals/NUANCE_SIGNALS/all/D2_121-121726-0004.wav, -41.630616170023565, -42.69201412659258, -46.91374824167185, -48.119554408615556, -45.43591420558323, -43.58050233615255, -43.39455914270402
/rds/general/user/dtj20/home/signals/NUANCE_SIGNALS/all/D2_3570-5694-0011.wav, -37.88986371332568, -40.05809581380305, -44.228524907334986, -47.981585964490776, -44.278988089871945, -41.888235095302704, -40.351140564073695
/rds/general/user/dtj20/home/signals/NUANCE_SIGNALS/all/P2_2300-131720-0014.wav, -37.46910163225778, -38.837227710453526, -40.98704934501721, -43.809317200055744, -41.591948880632195, -39.49880234793423, -38.56063795979286
/rds/general/user/dtj20/home/signals/NUANCE_SIGNALS/all/P2_121-121726-0009.wav, -36.94049112834811, -38.18702483271514, -40.60328558409683, -44.247653755197724, -41.10827961855448, -39.20893566227555, -38.18157908503741
/rds/general/user/dtj20/home/signals/NUANCE_SIGNALS/all/P2_3570-5694-0004.wav, -38.831333269092376, -39.28141259232474, -42.150982127512805, -45.26711123773532, -42.59126980417651, -40.596781084653315, -39.77775670148299
/rds/general/user/dtj20/home/signals/NUANCE_SIGNALS/all/D1_1089-134686-0004.wav, -40.21911182517159, -42.8393060643038, -47.440204249907126, -45.70108345111666, -41.199073271637296, -38.63418112986268, -37.18860562450751
/rds/general/user/dtj20/home/signals/NUANCE_SIGNALS/all/D1_3575-170457-0008.wav, -41.49578132320765, -44.078406548831445, -47.53854073453041, -45.142912176831075, -42.07854931658075, -39.70098852551301, -38.42539717307077
/rds/general/user/dtj20/home/signals/NUANCE_SIGNALS/all/P1_237-126133-0006.wav, -42.860414084614604, -44.75762992630126, -49.277160532282636, -48.37945610576984, -44.06617348313666, -41.82320385493031, -41.35946868892287
/rds/general/user/dtj20/home/signals/NUANCE_SIGNALS/all/P1_1320-122612-0012.wav, -43.85760661818955, -45.86353771950871, -49.187830835015546, -47.419376159723555, -44.332424534075045, -42.98233329321806, -41.97017308479042
/rds/general/user/dtj20/home/signals/NUANCE_SIGNALS/all/D2_1320-122612-0016.wav, -41.92182162899449, -43.46116629811486, -46.088424315099715, -48.6326734249958, -46.91613793912413, -44.958195708451896, -44.12018691477983
/rds/general/user/dtj20/home/signals/NUANCE_SIGNALS/all/P1_1995-1826-0015.wav, -42.591198718378315, -44.00746917913881, -47.8028866984357, -45.201347370887234, -41.890234132605315, -40.34460613504321, -39.61861586204852
/rds/general/user/dtj20/home/signals/NUANCE_SIGNALS/all/P1_3575-170457-0000.wav, -39.03010263976532, -41.50820069427021, -45.46578406827558, -44.403433371291825, -40.81617676704597, -38.43660426078908, -37.48842157105904
/rds/general/user/dtj20/home/signals/NUANCE_SIGNALS/all/P2_3570-5694-0014.wav, -35.33681624123136, -37.256029114628234, -40.05121531622267, -44.251934374044374, -40.51405625467269, -37.993241427808066, -36.94939960798395
/rds/general/user/dtj20/home/signals/NUANCE_SIGNALS/all/P2_1089-134686-0004.wav, -34.53307489939509, -35.841072338337284, -39.22359030174669, -41.7485593932399, -38.09025995671652, -37.13522809215395, -35.82998975568125
/rds/general/user/dtj20/home/signals/NUANCE_SIGNALS/all/D2_237-126133-0000.wav, -42.604270085578825, -44.97352850418331, -49.70723128482397, -50.494840831339815, -46.719972821445886, -44.842530365786295, -44.21006835424258
/rds/general/user/dtj20/home/signals/NUANCE_SIGNALS/all/D2_3575-170457-0000.wav, -37.4844167643054, -39.30589377047746, -43.35006225922051, -45.05353829672278, -41.28152601000756, -39.13873090792282, -37.86224396449341
/rds/general/user/dtj20/home/signals/NUANCE_SIGNALS/all/D1_3570-5694-0014.wav, -41.0165238879166, -42.65232332375798, -46.5991077807287, -45.62736688713409, -42.075062394447954, -39.55581756109774, -38.30476720315609
/rds/general/user/dtj20/home/signals/NUANCE_SIGNALS/all/D2_121-121726-0003.wav, -39.55192991367839, -41.13004368776299, -45.09757512741022, -45.901679208495516, -42.782083518732954, -41.19330998565366, -40.854086741405524
/rds/general/user/dtj20/home/signals/NUANCE_SIGNALS/all/P2_1995-1826-0000.wav, -37.31968994134342, -40.05317059729926, -41.32595742711295, -45.73999303588249, -43.78388985883723, -41.07126987310971, -39.537175492015564
/rds/general/user/dtj20/home/signals/NUANCE_SIGNALS/all/D1_1089-134686-0016.wav, -45.53411043569425, -46.86932967281805, -48.5140658833948, -47.6223596806478, -45.537885278810194, -43.93542243588503, -42.539735991268856
/rds/general/user/dtj20/home/signals/NUANCE_SIGNALS/all/P1_1320-122612-0013.wav, -43.60038278637818, -45.027458822181536, -48.87311550049027, -46.61175691448423, -42.84549376481364, -41.221180978485414, -40.33686745545069
/rds/general/user/dtj20/home/signals/NUANCE_SIGNALS/all/P2_1089-134686-0016.wav, -40.956268819386565, -42.603217629613006, -45.41266225396305, -47.75583851872986, -44.698999653938856, -42.82349663300789, -41.9573769931261
/rds/general/user/dtj20/home/signals/NUANCE_SIGNALS/all/D2_1089-134686-0008.wav, -43.28632032845923, -45.22893376152351, -49.54327073532536, -50.721404126676504, -48.113020192825864, -46.00080946559438, -44.581330438911024
/rds/general/user/dtj20/home/signals/NUANCE_SIGNALS/all/D1_2300-131720-0013.wav, -39.76948119389513, -41.31411770039506, -44.525786434035155, -43.696564725059524, -40.18232356698189, -37.92419538898688, -36.88564423249478
/rds/general/user/dtj20/home/signals/NUANCE_SIGNALS/all/D1_3575-170457-0013.wav, -42.10988858899812, -42.50547624673758, -45.13119732246223, -44.79878506571515, -41.56123203974796, -40.260166691913454, -38.89055758905391
/rds/general/user/dtj20/home/signals/NUANCE_SIGNALS/all/D2_1995-1826-0021.wav, -37.694650490200175, -39.264694220787966, -43.81029158997305, -48.15307512769948, -44.36790975208644, -42.4116930858931, -41.148368939873734
/rds/general/user/dtj20/home/signals/NUANCE_SIGNALS/all/D2_1320-122612-0009.wav, -38.75611866241843, -40.35474753164501, -44.60774250845435, -43.90132509684169, -42.9273206060494, -40.677270860574055, -39.67106162253578
/rds/general/user/dtj20/home/signals/NUANCE_SIGNALS/all/D2_121-121726-0007.wav, -41.00742150134486, -42.39710762314604, -46.837829836685316, -49.10222317177937, -45.987210373742386, -44.366006658388734, -43.82406033418878
/rds/general/user/dtj20/home/signals/NUANCE_SIGNALS/all/D1_3570-5694-0004.wav, -44.16671376325026, -46.12710003957729, -46.48096244450659, -46.711312049041254, -43.864052616583876, -42.71901158597843, -41.38698621789111
/rds/general/user/dtj20/home/signals/NUANCE_SIGNALS/all/D2_1284-1180-0001.wav, -39.87688956410557, -42.07420068140938, -47.03425841189299, -48.270973020782705, -44.507324719734655, -41.818492862682504, -40.27950618228572
/rds/general/user/dtj20/home/signals/NUANCE_SIGNALS/all/D2_237-126133-0001.wav, -43.00578146794208, -45.184566139873176, -50.405945040788026, -50.8726012749327, -47.42427216767949, -45.396907871118025, -44.93460423239624
/rds/general/user/dtj20/home/signals/NUANCE_SIGNALS/all/P1_1995-1826-0009.wav, -42.471641947335655, -44.360128879944945, -47.90776833908679, -44.291641431403136, -41.76802810222324, -40.843389186316344, -40.160039995755895
/rds/general/user/dtj20/home/signals/NUANCE_SIGNALS/all/P2_3570-5694-0012.wav, -36.26881453044562, -38.68533354966636, -41.42264383181936, -41.42033918066204, -37.27524225836709, -36.133605978278254, -33.863452477666584
/rds/general/user/dtj20/home/signals/NUANCE_SIGNALS/all/P2_2300-131720-0013.wav, -34.240739193739266, -35.804795797596526, -39.17649369685773, -43.20189716495533, -39.33453453592607, -37.26067420999926, -35.79585274167317
/rds/general/user/dtj20/home/signals/NUANCE_SIGNALS/all/P1_3570-5694-0012.wav, -40.89319791887526, -43.5455297748586, -45.48514907142814, -45.86494756232302, -42.65234389360912, -40.26434702639521, -38.713729350861584
/rds/general/user/dtj20/home/signals/NUANCE_SIGNALS/all/D1_1995-1826-0017.wav, -41.553564985789905, -41.95313640659116, -44.224067183606614, -45.18610667758004, -42.61825044891748, -40.77374406395151, -39.64055003786413
/rds/general/user/dtj20/home/signals/NUANCE_SIGNALS/all/D1_2300-131720-0005.wav, -38.29848155222604, -40.4002643162407, -43.73823340799013, -43.20253082385828, -39.13753392025024, -36.75812520993211, -34.974568576673136
/rds/general/user/dtj20/home/signals/NUANCE_SIGNALS/all/P2_121-121726-0000.wav, -36.593059302231545, -38.124054137739144, -40.128041353423356, -43.82217963961096, -40.29456449065365, -38.20161493481737, -37.464943515731676
/rds/general/user/dtj20/home/signals/NUANCE_SIGNALS/all/P2_1284-1180-0017.wav, -36.03843545673811, -37.96743052811228, -40.692762308203704, -43.443008786193374, -39.47649611147298, -37.12030520095252, -35.60088526227719
/rds/general/user/dtj20/home/signals/NUANCE_SIGNALS/all/P2_1995-1826-0009.wav, -36.501387951702256, -38.54186528490835, -39.11845593076421, -44.52883099404814, -42.454790948537635, -40.60449977208482, -39.206540586365385
/rds/general/user/dtj20/home/signals/NUANCE_SIGNALS/all/D1_2300-131720-0008.wav, -41.77705564749956, -43.89148644908758, -45.98465327064493, -45.0590003797215, -41.79259448432848, -40.85604385593639, -39.504912136218884
/rds/general/user/dtj20/home/signals/NUANCE_SIGNALS/all/D2_1320-122612-0001.wav, -36.87880479138839, -38.19842195080388, -41.562704117503884, -45.105457059769456, -42.524037921954815, -40.89516257701667, -39.80526117770221
/rds/general/user/dtj20/home/signals/NUANCE_SIGNALS/all/P2_1284-1180-0001.wav, -34.78734946563841, -36.89176422816009, -40.41361046652776, -41.70704773206047, -37.594618966767854, -35.178475745706514, -34.13358076011783
/rds/general/user/dtj20/home/signals/NUANCE_SIGNALS/all/P1_3570-5694-0014.wav, -40.49519159119248, -42.94798214362067, -47.519950168351116, -45.92303965461337, -41.897573329182364, -39.28104459974784, -38.1090500152751
/rds/general/user/dtj20/home/signals/NUANCE_SIGNALS/all/D1_1284-1180-0001.wav, -40.93711935506071, -43.06930211653041, -47.565531968857115, -46.08763952417168, -41.44135293969658, -38.25995654758045, -36.6547115225008
/rds/general/user/dtj20/home/signals/NUANCE_SIGNALS/all/P1_121-121726-0004.wav, -42.43482694898658, -44.414493665104125, -48.03034391296264, -47.047972063613145, -43.78641470236269, -41.59525779983879, -40.58608710530044
/rds/general/user/dtj20/home/signals/NUANCE_SIGNALS/all/P2_237-126133-0000.wav, -40.50525667125912, -41.73150293971446, -45.74749537082225, -47.415313931854286, -43.91282439772777, -42.19516276646974, -41.30788292406743
/rds/general/user/dtj20/home/signals/NUANCE_SIGNALS/all/D2_237-126133-0008.wav, -45.164211786361015, -47.15794497477993, -51.74417191646362, -52.3155379117247, -48.32010657237654, -46.07504882212631, -45.63012804785977
/rds/general/user/dtj20/home/signals/NUANCE_SIGNALS/all/D1_1284-1180-0017.wav, -41.769136251828215, -44.34092897368654, -48.88058440179457, -47.709539759322354, -43.534040540488725, -40.74017514457081, -39.1068733124998
/rds/general/user/dtj20/home/signals/NUANCE_SIGNALS/all/P1_2300-131720-0008.wav, -40.966830335493185, -43.34167129623127, -47.389713959468835, -45.36896410556376, -41.144217227464345, -39.36899217383299, -38.16043547189298
/rds/general/user/dtj20/home/signals/NUANCE_SIGNALS/all/D1_3570-5694-0011.wav, -43.131130320002725, -45.01711353725753, -48.77749392730996, -46.8686788267106, -43.133838087438264, -40.41491266380831, -39.17000626609496
/rds/general/user/dtj20/home/signals/NUANCE_SIGNALS/all/P2_2300-131720-0005.wav, -32.20476165459098, -34.0783207756852, -37.97199113340707, -41.00455083422011, -36.95611123109232, -34.418261026189484, -32.87153778786286
/rds/general/user/dtj20/home/signals/NUANCE_SIGNALS/all/P1_121-121726-0007.wav, -43.1760807630894, -44.70462262470946, -48.94011529450605, -47.169593664173064, -43.880879391975604, -42.3511857373732, -41.63119444440341
/rds/general/user/dtj20/home/signals/NUANCE_SIGNALS/all/P1_1089-134686-0008.wav, -44.71671765027377, -46.51249298677882, -50.40960334920474, -49.129571470597384, -45.81794266041217, -43.71347543477421, -42.46263821770779
/rds/general/user/dtj20/home/signals/NUANCE_SIGNALS/all/P1_1284-1180-0014.wav, -40.46341793141373, -42.3271831555141, -46.311236224228274, -43.67697623368081, -40.003022728122104, -37.55277411218172, -36.043090842604954
/rds/general/user/dtj20/home/signals/NUANCE_SIGNALS/all/D2_237-126133-0006.wav, -42.60969584651378, -44.820260999084184, -49.678234876267155, -49.93816499235355, -46.48187298618574, -44.50560514685577, -43.73718850569411
/rds/general/user/dtj20/home/signals/NUANCE_SIGNALS/all/D1_1580-141083-0013.wav, -40.91200008983552, -42.892456807390616, -45.95895102084303, -43.70672111436705, -40.957680485767284, -38.36252826990504, -36.70013859096268
/rds/general/user/dtj20/home/signals/NUANCE_SIGNALS/all/D2_3570-5694-0014.wav, -38.17966944625937, -40.337479057851304, -44.54259504415848, -46.555922878394696, -42.70325979642464, -40.45768966656827, -38.95749943552519
/rds/general/user/dtj20/home/signals/NUANCE_SIGNALS/all/D1_237-126133-0007.wav, -43.821769451583236, -45.70547015182737, -50.04055146359338, -48.67295504792434, -44.11105051533645, -41.666541664994774, -40.70321496269305
/rds/general/user/dtj20/home/signals/NUANCE_SIGNALS/all/D1_1089-134686-0000.wav, -43.44937532378044, -45.450537700985414, -46.857835756229164, -46.220617699604496, -44.256033533113914, -42.204034949152444, -40.884573434590614
/rds/general/user/dtj20/home/signals/NUANCE_SIGNALS/all/P1_1995-1826-0000.wav, -40.78778721218594, -43.696960305926886, -47.5179341273357, -45.470421105123116, -42.03202813498572, -39.54602408735794, -38.11046766499912
/rds/general/user/dtj20/home/signals/NUANCE_SIGNALS/all/P1_1089-134686-0016.wav, -45.3997813062839, -47.658612379005504, -49.039396221187666, -48.737518341403955, -46.63999102480156, -44.14830911229199, -42.938401369802904
/rds/general/user/dtj20/home/signals/NUANCE_SIGNALS/all/D1_1284-1180-0011.wav, -34.82180282375816, -36.81258655112111, -39.77459841510355, -39.33572901905917, -36.63535582676487, -34.7264124115988, -33.247831194774676
/rds/general/user/dtj20/home/signals/NUANCE_SIGNALS/all/D1_1320-122612-0012.wav, -44.00209913520921, -46.32322097546964, -49.07828517243267, -47.447387465986395, -44.23964231628169, -42.56099638046473, -41.04422817705966
/rds/general/user/dtj20/home/signals/NUANCE_SIGNALS/all/P1_121-121726-0003.wav, -40.80300099290661, -42.5827589359902, -46.81880517316379, -46.07514397103317, -42.499143220599585, -40.39296981076322, -39.23218457881554
/rds/general/user/dtj20/home/signals/NUANCE_SIGNALS/all/D2_3570-5694-0004.wav, -39.77801732118138, -42.21760553808559, -46.12282308739363, -48.38957052921963, -45.22884655394232, -44.31659698043478, -42.39127230807051
/rds/general/user/dtj20/home/signals/NUANCE_SIGNALS/all/P2_3570-5694-0011.wav, -37.70639158536953, -39.168478567931324, -41.82069866348123, -46.23107448947508, -42.6851586808293, -40.28759272904609, -38.687216539550874
/rds/general/user/dtj20/home/signals/NUANCE_SIGNALS/all/P2_1284-1180-0003.wav, -35.668447692447465, -37.82523421077311, -39.09004378965929, -41.25606447712314, -38.797915322245665, -37.02976903454938, -35.73447032893498
/rds/general/user/dtj20/home/signals/NUANCE_SIGNALS/all/P1_1284-1180-0001.wav, -38.14534378726559, -41.01597468429813, -46.319250823090385, -46.163961712975585, -41.72732790827689, -38.94056084834739, -37.387296614712625
/rds/general/user/dtj20/home/signals/NUANCE_SIGNALS/all/D2_1284-1180-0014.wav, -39.510055912555025, -42.5198231806514, -44.57224305598075, -44.516520782417416, -44.179447627907116, -39.80133227750231, -38.30489170716562
/rds/general/user/dtj20/home/signals/NUANCE_SIGNALS/all/P2_3575-170457-0020.wav, -35.20422009051204, -37.32797222374538, -40.533852285730205, -42.548273287113574, -39.016603236136426, -36.94601066024768, -36.04835194716402
/rds/general/user/dtj20/home/signals/NUANCE_SIGNALS/all/D2_2300-131720-0016.wav, -36.26028986451564, -38.377153423774175, -43.07709981209048, -45.61854475997841, -42.06774181914686, -40.252012286919516, -38.84865164943167
/rds/general/user/dtj20/home/signals/NUANCE_SIGNALS/all/D2_1995-1826-0009.wav, -38.480737717573795, -39.490881823749454, -43.47345506726136, -45.82748440083496, -43.23900300988125, -41.50302647298095, -39.21259478608398
/rds/general/user/dtj20/home/signals/NUANCE_SIGNALS/all/D2_3570-5694-0005.wav, -41.33673887845091, -42.62777111072036, -47.18830240926286, -51.244985858843776, -47.07090620850758, -44.22367914965803, -42.61054575414128
/rds/general/user/dtj20/home/signals/NUANCE_SIGNALS/all/P1_1284-1180-0011.wav, -34.6380226597985, -37.30793538929256, -41.1297554887312, -40.79003961608951, -37.6285357152509, -34.81447360448957, -33.83882278868178
/rds/general/user/dtj20/home/signals/NUANCE_SIGNALS/all/P2_237-126133-0001.wav, -41.29679712921475, -42.67563810224172, -46.687802180772294, -47.980763445786046, -44.40877884832957, -42.734383774041035, -41.97618630344027
/rds/general/user/dtj20/home/signals/NUANCE_SIGNALS/all/D2_121-121726-0009.wav, -41.31598453072826, -43.25331947694839, -47.79276839292685, -49.401019014264975, -45.995889299458774, -44.12318675216501, -43.42579505553084
/rds/general/user/dtj20/home/signals/NUANCE_SIGNALS/all/D1_121-121726-0003.wav, -41.269416836792786, -43.26746961777667, -46.860626139632956, -45.08779923845448, -41.95414797668092, -39.590774669574, -38.41471354181086
/rds/general/user/dtj20/home/signals/NUANCE_SIGNALS/all/D1_3575-170457-0001.wav, -39.60948147523367, -38.918999306902336, -41.532349133984255, -39.51770803411509, -39.24800909011577, -36.159420825883444, -36.30623351111774
/rds/general/user/dtj20/home/signals/NUANCE_SIGNALS/all/P2_1284-1180-0011.wav, -29.484776303533575, -31.432628752962238, -34.244944967559235, -37.97193885027966, -33.96533656468903, -32.08497192737744, -30.63353994882332
/rds/general/user/dtj20/home/signals/NUANCE_SIGNALS/all/P1_1320-122612-0001.wav, -38.28810421735627, -39.906260309496126, -43.6254956353481, -40.50689078872209, -37.92867563231287, -36.72430551075752, -35.54834615661358
/rds/general/user/dtj20/home/signals/NUANCE_SIGNALS/all/D1_237-126133-0000.wav, -44.34218094404952, -46.635979064117336, -51.29223627674168, -49.95774554817043, -45.59721397671745, -43.09587271934576, -41.862814070103134
/rds/general/user/dtj20/home/signals/NUANCE_SIGNALS/all/P1_1580-141083-0013.wav, -36.28213066486162, -38.413827443206756, -42.94824036982256, -43.32074086566992, -39.910300302952564, -38.08223400974546, -37.71538698295329
/rds/general/user/dtj20/home/signals/NUANCE_SIGNALS/all/P1_1284-1180-0017.wav, -38.896300811245176, -41.65962260650198, -46.845661287621496, -45.482359842653466, -41.2519699752632, -38.69486578277824, -37.19892473550078
/rds/general/user/dtj20/home/signals/NUANCE_SIGNALS/all/P2_1580-141083-0013.wav, -34.536087818116194, -36.411154372694476, -38.55552972559879, -39.38491752923263, -35.442851115076294, -33.12335168511906, -32.601727921158144
/rds/general/user/dtj20/home/signals/NUANCE_SIGNALS/all/P2_121-121726-0003.wav, -36.35083492205788, -37.84619353207364, -40.12333848019541, -42.400291814971936, -39.727363266698184, -38.74658954020433, -37.93758153631487
/rds/general/user/dtj20/home/signals/NUANCE_SIGNALS/all/P2_3575-170457-0013.wav, -37.48084711288702, -39.31530832159237, -40.85698011446743, -43.538696616259436, -40.599277260483326, -38.69519987539695, -37.609656473056305
/rds/general/user/dtj20/home/signals/NUANCE_SIGNALS/all/P1_3575-170457-0008.wav, -42.067360352200886, -44.50302587435311, -48.62572845644367, -47.42416633533015, -43.86012324419809, -41.76107047775606, -40.44013907904245
/rds/general/user/dtj20/home/signals/NUANCE_SIGNALS/all/D1_1320-122612-0013.wav, -45.1032593218776, -47.0391339476457, -49.47847316114361, -48.106937997019116, -45.114531197577406, -43.412151000535374, -41.65884458428653
/rds/general/user/dtj20/home/signals/NUANCE_SIGNALS/all/P2_1995-1826-0021.wav, -36.94105748602617, -39.240592307119854, -40.77263129569342, -45.89907906286897, -42.904155723110264, -40.470368534369996, -38.8387327300773
/rds/general/user/dtj20/home/signals/NUANCE_SIGNALS/all/P1_237-126133-0007.wav, -42.5358478428668, -44.708473237482025, -49.57920762501894, -48.511022944706205, -44.16987677689549, -41.81879702527492, -41.05827669721073
/rds/general/user/dtj20/home/signals/NUANCE_SIGNALS/all/D2_1580-141083-0014.wav, -39.996733239055565, -41.93603498335291, -45.709281252904226, -46.01262923392723, -43.64480224607587, -42.47308330477069, -42.46013083449351
/rds/general/user/dtj20/home/signals/NUANCE_SIGNALS/all/P1_1089-134686-0022.wav, -42.00548029600264, -44.644697855065985, -49.193989766829304, -47.96110683081622, -43.71496518854411, -41.27735390037575, -40.04477084478438
/rds/general/user/dtj20/home/signals/NUANCE_SIGNALS/all/D2_1320-122612-0012.wav, -40.00179815694195, -41.71824592353876, -45.793941751301396, -49.81732914206238, -46.664688739928344, -44.84110615832038, -44.15661446380392
/rds/general/user/dtj20/home/signals/NUANCE_SIGNALS/all/P2_1320-122612-0001.wav, -34.831468825161345, -37.15736569076749, -38.15579835606997, -42.61669481654213, -40.196888144970835, -38.18594749319794, -36.71798287691159
/rds/general/user/dtj20/home/signals/NUANCE_SIGNALS/all/P2_121-121726-0004.wav, -38.45916442054281, -39.04879010114955, -41.499899316674345, -44.7807739318183, -42.09021225660525, -40.4012121484033, -39.95455690541562
/rds/general/user/dtj20/home/signals/NUANCE_SIGNALS/all/D1_2300-131720-0016.wav, -38.99237735859558, -41.2797544478551, -45.35139997378457, -43.73678533932275, -40.0200098266494, -37.72418303146421, -36.2362700626951
/rds/general/user/dtj20/home/signals/NUANCE_SIGNALS/all/P1_1320-122612-0009.wav, -40.26427902473446, -42.85201793014801, -43.64261108718252, -42.17796933534417, -40.485416752511114, -38.954169832308295, -37.85026294045911
/rds/general/user/dtj20/home/signals/NUANCE_SIGNALS/all/D2_1995-1826-0017.wav, -39.52019143037564, -41.71939979021581, -45.35755190858187, -46.826227352758394, -44.330017895984604, -42.29306787871614, -40.4069503807232
/rds/general/user/dtj20/home/signals/NUANCE_SIGNALS/all/D1_121-121726-0009.wav, -42.70152953491603, -44.95313138822002, -48.671134094896814, -47.84046264322485, -43.70905267909876, -40.9830002104983, -39.740558680088974
/rds/general/user/dtj20/home/signals/NUANCE_SIGNALS/all/D2_2300-131720-0013.wav, -36.97015652876241, -39.075254662184015, -44.085289686892565, -47.01742607208522, -43.05140961467377, -41.21900783334525, -39.9324853258564
/rds/general/user/dtj20/home/signals/NUANCE_SIGNALS/all/P2_1089-134686-0008.wav, -38.51019366616735, -40.68421797659408, -42.47658936350052, -46.34810276732993, -43.58240551494096, -41.18444029972416, -40.34260166543205
/rds/general/user/dtj20/home/signals/NUANCE_SIGNALS/all/P1_1995-1826-0021.wav, -41.92372124460193, -43.95489258399989, -46.574551576113514, -43.84883045326067, -40.62194610465521, -39.110701221999015, -37.60384550445431
/rds/general/user/dtj20/home/signals/NUANCE_SIGNALS/all/P1_237-126133-0000.wav, -43.70167829464314, -45.74943217714859, -50.75563304510113, -50.20476650300934, -46.0155249903529, -43.82548266096386, -43.19110329883556
/rds/general/user/dtj20/home/signals/NUANCE_SIGNALS/all/D2_2300-131720-0014.wav, -38.808201415660584, -39.64853617892922, -43.799431397758454, -45.5564835930003, -44.626332167763714, -43.26233929057183, -42.03608611476382
/rds/general/user/dtj20/home/signals/NUANCE_SIGNALS/all/D1_1580-141083-0008.wav, -39.99311934865406, -42.509361067601255, -47.37031019307251, -45.597264859449005, -41.63520728782474, -39.538644534237726, -39.067099236763674
/rds/general/user/dtj20/home/signals/NUANCE_SIGNALS/all/P1_2300-131720-0013.wav, -39.793229819321986, -41.8808830104902, -46.4714837672327, -44.05913693016451, -40.235539521854555, -38.01218724678, -36.78820545013889
/rds/general/user/dtj20/home/signals/NUANCE_SIGNALS/all/D1_237-126133-0001.wav, -44.84791938104508, -47.25849724575106, -51.53994873772639, -50.048397983621335, -45.59129935454732, -43.2062638386669, -42.00985697559621
/rds/general/user/dtj20/home/signals/NUANCE_SIGNALS/all/P1_1580-141083-0014.wav, -41.03768376956889, -42.770099367911776, -46.20861114178176, -44.60664025987307, -41.5335698688489, -40.299338769743585, -39.69606081942374
/rds/general/user/dtj20/home/signals/NUANCE_SIGNALS/all/D2_1580-141083-0004.wav, -43.4093995398118, -44.56464082425914, -48.48165586853979, -51.189658120957645, -48.23422916564813, -46.83701936332618, -46.35891108306028
/rds/general/user/dtj20/home/signals/NUANCE_SIGNALS/all/D1_237-126133-0006.wav, -44.30831166085204, -46.361751877637644, -50.434523189114145, -48.715306637013285, -44.30612073422701, -42.19283502279161, -41.441187951244636
/rds/general/user/dtj20/home/signals/NUANCE_SIGNALS/all/D2_237-126133-0007.wav, -41.89144143138142, -44.22151969507941, -49.480890599523015, -50.19789712379075, -46.164350042483704, -44.0612570002405, -43.649687315873265
/rds/general/user/dtj20/home/signals/NUANCE_SIGNALS/all/P1_3570-5694-0011.wav, -41.31501390918122, -43.90794662895475, -44.74072951269933, -45.36436187143407, -40.23247599380484, -39.46375643504473, -38.18382642041887
/rds/general/user/dtj20/home/signals/NUANCE_SIGNALS/all/P2_1320-122612-0012.wav, -39.18251311955255, -41.00013941766477, -43.00119670917407, -47.01341233979552, -43.99517630334052, -41.92269027261409, -40.86797272624765
/rds/general/user/dtj20/home/signals/NUANCE_SIGNALS/all/P2_3570-5694-0005.wav, -38.618388348240295, -40.09381371364904, -41.458894261821435, -45.3938558097381, -42.94345361560793, -41.94970553668384, -40.602039147277566
/rds/general/user/dtj20/home/signals/NUANCE_SIGNALS/all/D2_1320-122612-0013.wav, -40.918742011581564, -42.82712654967688, -46.9887944332305, -50.33275363102448, -47.258029319890554, -45.71511608037923, -44.58716091215011
/rds/general/user/dtj20/home/signals/NUANCE_SIGNALS/all/P2_3575-170457-0008.wav, -37.22051888571365, -39.64648881537532, -41.24564282238286, -44.43060655808321, -41.54043227238361, -38.69228317649508, -37.448789201279226
/rds/general/user/dtj20/home/signals/NUANCE_SIGNALS/all/D2_3570-5694-0012.wav, -38.90641273486533, -40.447865276489324, -42.97848648680802, -47.103891468911534, -43.72335982637335, -42.48363988900834, -40.82882320872835
/rds/general/user/dtj20/home/signals/NUANCE_SIGNALS/all/D1_1580-141083-0000.wav, -46.47492033130816, -48.18696345070183, -50.074330365358335, -49.191301464183056, -46.79195210585036, -45.503024581334984, -44.97448738917554
/rds/general/user/dtj20/home/signals/NUANCE_SIGNALS/all/D2_1089-134686-0022.wav, -40.61026603309927, -42.9365663024117, -47.43360504103427, -49.26517926239853, -45.72452935410159, -43.16358178067322, -41.89474825294283
/rds/general/user/dtj20/home/signals/NUANCE_SIGNALS/all/D1_1995-1826-0000.wav, -41.927964448513606, -44.01521312843321, -43.778014530811305, -45.34852519638453, -42.091638874726904, -39.345011711657214, -39.25515728141104
/rds/general/user/dtj20/home/signals/NUANCE_SIGNALS/all/P2_2300-131720-0016.wav, -33.747703632047816, -35.24094331208902, -38.49081377191872, -41.929424919107475, -38.43271893452741, -36.458548472356426, -35.111805076051205
/rds/general/user/dtj20/home/signals/NUANCE_SIGNALS/all/P1_2300-131720-0016.wav, -38.408980855703454, -40.865472153073824, -45.74913992009225, -44.35879117492894, -39.92956920320055, -37.449531720680405, -35.95460841899555
/rds/general/user/dtj20/home/signals/NUANCE_SIGNALS/all/P1_121-121726-0009.wav, -41.749383127540696, -44.05423047409214, -48.38750779189421, -47.613962430346234, -43.95646911988174, -42.0163064582777, -40.94983379905373
/rds/general/user/dtj20/home/signals/NUANCE_SIGNALS/all/D2_121-121726-0000.wav, -40.290904358981166, -41.817828058145224, -46.157191871561054, -48.666577527973004, -45.02761366658202, -43.13649726101326, -42.3646052193789
/rds/general/user/dtj20/home/signals/NUANCE_SIGNALS/all/P1_1089-134686-0000.wav, -41.98988608195127, -44.59857353614571, -48.24838098245777, -47.274025347170465, -43.40767078025773, -41.102425970420825, -39.87379946713936
