/rds/general/user/dtj20/home/signals/NUANCE_SIGNALS/all/P2_1284-1180-0014.wav, -34.77669702387359, -35.7680795261769, -38.21179931067731, -41.325727465361496, -40.590422556837915, -37.582722377512496, -36.77267492265384
/rds/general/user/dtj20/home/signals/NUANCE_SIGNALS/all/D2_1284-1180-0003.wav, -40.30920901291461, -41.72806356980792, -44.546906463133595, -45.15833483281569, -41.95326258999926, -39.903529107663495, -38.28985055075038
/rds/general/user/dtj20/home/signals/NUANCE_SIGNALS/all/D1_1284-1180-0014.wav, -39.35255091109737, -40.56289991807883, -42.402926636726605, -41.86527726347399, -39.6892124689735, -38.43862757419926, -38.396199733841364
/rds/general/user/dtj20/home/signals/NUANCE_SIGNALS/all/P1_1284-1180-0003.wav, -35.783164848481526, -38.74598985033636, -43.97088327593696, -42.093628723584416, -38.95937605966156, -36.85442091501264, -35.62225604262834
/rds/general/user/dtj20/home/signals/NUANCE_SIGNALS/all/D1_1284-1180-0003.wav, -41.13875378129494, -41.542668713440854, -44.086457709308206, -43.5744504359224, -41.636274067284305, -39.95766784005427, -39.09768459377982
/rds/general/user/dtj20/home/signals/NUANCE_SIGNALS/all/P1_3570-5694-0004.wav, -43.35660024126657, -45.4586145211148, -48.72535207715602, -46.980777193057286, -43.72691240315089, -41.85058506546138, -40.549993793965825
/rds/general/user/dtj20/home/signals/NUANCE_SIGNALS/all/P1_2300-131720-0014.wav, -40.9458740581546, -42.42238511641699, -43.78561528390993, -42.02530593328669, -40.88897422141795, -38.72485245406631, -38.64361980080557
/rds/general/user/dtj20/home/signals/NUANCE_SIGNALS/all/P2_237-126133-0006.wav, -39.56494804403566, -40.60854748786881, -43.77863795689932, -45.4698439500028, -42.13725216690251, -40.499384890705976, -39.68400765001755
/rds/general/user/dtj20/home/signals/NUANCE_SIGNALS/all/D2_1089-134686-0004.wav, -38.67474333203051, -40.71873367601835, -44.12770649892452, -46.012381919768856, -43.16091591008953, -40.89158200137895, -39.819048242855104
/rds/general/user/dtj20/home/signals/NUANCE_SIGNALS/all/P2_237-126133-0007.wav, -38.529390967662145, -39.67593840268839, -43.31959405234069, -44.78323370996027, -40.871316925101894, -39.20164763873308, -38.88182267341012
/rds/general/user/dtj20/home/signals/NUANCE_SIGNALS/all/P2_1320-122612-0016.wav, -37.719404979709594, -39.360173596460555, -41.005412693155904, -43.90472714330083, -41.559817848679316, -40.78153942154501, -40.21956529417018
/rds/general/user/dtj20/home/signals/NUANCE_SIGNALS/all/D2_2300-131720-0005.wav, -35.05110528623601, -36.78719692897906, -39.02122458321077, -41.0887026810619, -39.71787945831609, -38.260194034158, -37.28839284819288
/rds/general/user/dtj20/home/signals/NUANCE_SIGNALS/all/P2_1089-134686-0000.wav, -37.549840205191714, -38.894927703408726, -41.5815618732223, -44.34957469701356, -41.8769317745834, -40.191079034424384, -39.27267615822074
/rds/general/user/dtj20/home/signals/NUANCE_SIGNALS/all/P1_1580-141083-0008.wav, -44.1154874326402, -45.41753201425978, -49.134693647002756, -47.60806181897447, -44.81558351827995, -43.37089689963658, -42.89154169592955
/rds/general/user/dtj20/home/signals/NUANCE_SIGNALS/all/P2_121-121726-0007.wav, -38.50101901614864, -39.11211366556913, -40.11361344412976, -44.02864493444896, -42.414818371876194, -41.25351982843096, -40.25974248153407
/rds/general/user/dtj20/home/signals/NUANCE_SIGNALS/all/D1_2300-131720-0014.wav, -41.07160984003934, -41.360401554745195, -42.68501038411597, -41.91321458972146, -40.504722556435766, -39.094438960509294, -38.24758107568349
/rds/general/user/dtj20/home/signals/NUANCE_SIGNALS/all/D1_1320-122612-0009.wav, -39.105108327500695, -40.35289204309427, -41.40723554668175, -39.86443443379645, -38.83462797482324, -37.69282804156594, -36.54244080711305
/rds/general/user/dtj20/home/signals/NUANCE_SIGNALS/all/P1_3575-170457-0001.wav, -36.54640179248745, -38.29726015422588, -39.99675509538611, -39.99669060881721, -39.37373022880326, -37.67230455304685, -36.47089437266231
/rds/general/user/dtj20/home/signals/NUANCE_SIGNALS/all/D2_1995-1826-0015.wav, -37.18032834388891, -38.798064950621466, -42.21733738655569, -43.95744712363134, -42.29337614326076, -40.497356652954736, -39.98626052791066
/rds/general/user/dtj20/home/signals/NUANCE_SIGNALS/all/P2_2300-131720-0008.wav, -35.651131524236924, -37.15663758717436, -39.59761494706056, -43.46734664315807, -41.579946758892206, -40.229284053310536, -39.09233379977475
/rds/general/user/dtj20/home/signals/NUANCE_SIGNALS/all/D1_3570-5694-0012.wav, -40.121815929878906, -41.15423801297738, -43.16395003810712, -41.75396141713605, -39.66272584371937, -38.5015388414496, -38.131794657199094
/rds/general/user/dtj20/home/signals/NUANCE_SIGNALS/all/P1_1995-1826-0017.wav, -41.71163952282052, -43.66593701694004, -46.24515772546233, -44.34811873512912, -42.36251286196877, -40.627745221927604, -39.58390200844556
/rds/general/user/dtj20/home/signals/NUANCE_SIGNALS/all/D1_1995-1826-0015.wav, -41.03273507357156, -41.98104408891864, -42.88272930985919, -42.03126764925054, -40.15475905745149, -39.530552471906184, -38.787472617634066
/rds/general/user/dtj20/home/signals/NUANCE_SIGNALS/all/D1_1995-1826-0009.wav, -41.065072431944934, -42.038887382420015, -42.5131167023182, -41.44885573684882, -40.96946036928455, -40.20456538474845, -39.0056809231416
/rds/general/user/dtj20/home/signals/NUANCE_SIGNALS/all/D2_1580-141083-0000.wav, -43.56381839208574, -44.29739379510805, -48.175873327181534, -49.746748286566856, -47.76976414105058, -46.91752541336093, -46.86093753568855
/rds/general/user/dtj20/home/signals/NUANCE_SIGNALS/all/P1_1580-141083-0004.wav, -43.60243298306784, -45.49717260946662, -49.57353497443468, -47.96060851264588, -45.54628034093841, -44.343346342847774, -44.23840195166431
/rds/general/user/dtj20/home/signals/NUANCE_SIGNALS/all/D1_1580-141083-0004.wav, -45.62234626409038, -47.125126429307834, -49.656786586072705, -48.36899834957627, -46.416726317042404, -44.89080174182469, -43.60502987404196
/rds/general/user/dtj20/home/signals/NUANCE_SIGNALS/all/D2_1284-1180-0011.wav, -33.43285032150051, -35.09434597981608, -37.6286577918506, -40.4051315276347, -38.634085647992904, -36.55825151928629, -35.75894597660141
/rds/general/user/dtj20/home/signals/NUANCE_SIGNALS/all/P1_1320-122612-0016.wav, -42.49256578839535, -43.28591020803643, -44.816886967128376, -43.843077017634286, -42.68085393240321, -41.57639815749644, -41.07461966823
/rds/general/user/dtj20/home/signals/NUANCE_SIGNALS/all/D1_3575-170457-0000.wav, -39.29938185280632, -40.708646084620426, -43.126887824291884, -42.296217529855255, -40.03502850204572, -38.44163543960717, -37.739804616256095
/rds/general/user/dtj20/home/signals/NUANCE_SIGNALS/all/D2_1089-134686-0016.wav, -42.77040062541461, -44.700851548384534, -46.789333534256194, -47.13953157522292, -45.79195226382502, -44.43801319517736, -43.30224647814035
/rds/general/user/dtj20/home/signals/NUANCE_SIGNALS/all/D1_121-121726-0000.wav, -42.60850983779971, -44.167288726817205, -47.188888176553974, -45.74655572300402, -43.35335730128654, -41.247929368568705, -40.19420253073187
/rds/general/user/dtj20/home/signals/NUANCE_SIGNALS/all/D1_1089-134686-0008.wav, -44.25758209947956, -45.570441938601256, -48.04105418660492, -45.781207273624325, -44.70663485421093, -42.99040559046836, -42.071246068945214
/rds/general/user/dtj20/home/signals/NUANCE_SIGNALS/all/D1_1089-134686-0022.wav, -43.0109062528565, -44.93301662297726, -47.991476410412815, -46.448200079738, -43.69295245405397, -41.526022442799885, -40.18510338217288
/rds/general/user/dtj20/home/signals/NUANCE_SIGNALS/all/D1_1320-122612-0016.wav, -42.115221612547984, -42.55860060921559, -42.19424842915349, -41.622463219172644, -41.36520490893319, -41.189199305999, -40.26824397303146
/rds/general/user/dtj20/home/signals/NUANCE_SIGNALS/all/P2_3575-170457-0000.wav, -34.63680460862009, -36.59956622860822, -39.339529866872574, -41.82655261002833, -38.682336799186196, -36.71385922135232, -35.70851986865184
/rds/general/user/dtj20/home/signals/NUANCE_SIGNALS/all/P2_1580-141083-0014.wav, -36.63326551053845, -37.45912035414367, -39.221060972970626, -41.514719238543016, -38.82640453407226, -37.20910757724229, -36.69577512537359
/rds/general/user/dtj20/home/signals/NUANCE_SIGNALS/all/P2_1320-122612-0013.wav, -38.405807970330265, -39.947450158478304, -41.649215146948, -45.88749850030693, -43.58433864582921, -42.04618883913174, -40.742144803070836
/rds/general/user/dtj20/home/signals/NUANCE_SIGNALS/all/D2_1089-134686-0000.wav, -41.36518969112455, -42.97336450763694, -46.95304477853442, -48.29889701340602, -45.35202371826193, -43.37622833511263, -42.48030861672089
/rds/general/user/dtj20/home/signals/NUANCE_SIGNALS/all/P2_1320-122612-0009.wav, -33.897489454222296, -35.33515301213294, -37.137771928446476, -40.74052244949827, -38.44955115687807, -37.44486350703517, -36.73881484474773
/rds/general/user/dtj20/home/signals/NUANCE_SIGNALS/all/D2_1580-141083-0013.wav, -37.14780270246935, -37.85865343714066, -41.29089544999459, -43.484497832799775, -41.09072890715428, -40.09954652832381, -40.64870780950142
/rds/general/user/dtj20/home/signals/NUANCE_SIGNALS/all/P1_3575-170457-0013.wav, -41.25457607250433, -42.89813116064781, -45.6353917362466, -44.1643115640559, -41.90960744290807, -40.683146767803684, -40.134479100245386
/rds/general/user/dtj20/home/signals/NUANCE_SIGNALS/all/D2_1580-141083-0008.wav, -40.7615845750572, -42.35316670059334, -46.42215461364829, -48.07467690836178, -44.92598557947221, -43.50229213091005, -43.35907916759686
/rds/general/user/dtj20/home/signals/NUANCE_SIGNALS/all/P2_1995-1826-0017.wav, -38.631653903311296, -39.83659005629049, -41.899659154503794, -42.609650187480305, -42.98009565624905, -41.96274142009539, -40.068292653601105
/rds/general/user/dtj20/home/signals/NUANCE_SIGNALS/all/D1_1580-141083-0014.wav, -42.47795334235812, -43.69253304141623, -46.442394070571844, -45.21226195368505, -42.22694883041089, -40.07958235480393, -39.024769693800884
/rds/general/user/dtj20/home/signals/NUANCE_SIGNALS/all/P1_237-126133-0001.wav, -44.8127352236919, -46.89891193569535, -50.94969383369471, -50.791918589753486, -47.023367586924394, -45.03010481690927, -44.16156221369833
/rds/general/user/dtj20/home/signals/NUANCE_SIGNALS/all/P2_1580-141083-0004.wav, -40.88356967875419, -41.70425257704373, -43.06544361561306, -45.59565845693854, -43.025194326787314, -41.275595157952566, -40.5819412120007
/rds/general/user/dtj20/home/signals/NUANCE_SIGNALS/all/D1_3570-5694-0005.wav, -44.89751207663831, -45.84951519490632, -46.51915645847373, -44.61610475508718, -43.60399864003193, -42.210427190470526, -41.12225841434111
/rds/general/user/dtj20/home/signals/NUANCE_SIGNALS/all/P1_237-126133-0008.wav, -46.361845614250484, -48.19124602416157, -52.6703501667422, -52.00027244530388, -48.06205099396627, -46.01696786037384, -45.12798282923698
/rds/general/user/dtj20/home/signals/NUANCE_SIGNALS/all/D2_3575-170457-0008.wav, -38.139518641974995, -39.5382337481383, -42.75283203497048, -45.898063885108876, -43.809568121696486, -42.29443053139058, -41.50448215440127
/rds/general/user/dtj20/home/signals/NUANCE_SIGNALS/all/D2_3575-170457-0013.wav, -38.217516917150306, -40.404126410558135, -42.49538888395647, -45.40964779984157, -44.39649216939122, -43.328029448612156, -42.508212844672514
/rds/general/user/dtj20/home/signals/NUANCE_SIGNALS/all/P1_1089-134686-0004.wav, -38.789773378978005, -41.05068743839939, -45.61980534503582, -45.036580713499966, -41.07095223323434, -38.7044462491619, -37.35574095518225
/rds/general/user/dtj20/home/signals/NUANCE_SIGNALS/all/P2_2300-131720-0014.wav, -36.38861915695317, -37.519816592012525, -39.54334966006811, -42.084303381638584, -40.53191448905986, -39.7254307540842, -37.90766176441272
/rds/general/user/dtj20/home/signals/NUANCE_SIGNALS/all/P2_121-121726-0009.wav, -37.047413124379545, -38.29570702221996, -40.43915661887443, -44.10208628024397, -41.210477623719, -39.46937534569976, -38.59724562200703
/rds/general/user/dtj20/home/signals/NUANCE_SIGNALS/all/P2_3570-5694-0004.wav, -38.49882166407885, -39.09479898149792, -41.110121448636505, -43.61141052568561, -41.73571712063358, -40.422237623493736, -39.61010941994403
/rds/general/user/dtj20/home/signals/NUANCE_SIGNALS/all/D1_1089-134686-0004.wav, -40.319638077088726, -42.29312796122326, -45.42629905535358, -43.96823907854055, -40.96076810811557, -38.605671045464604, -37.34871052562148
/rds/general/user/dtj20/home/signals/NUANCE_SIGNALS/all/P1_1580-141083-0000.wav, -45.9159798830258, -47.22199538832976, -50.6931188703786, -48.85555123258666, -46.31611152798445, -45.650382631736655, -45.15914677830754
/rds/general/user/dtj20/home/signals/NUANCE_SIGNALS/all/P2_3575-170457-0001.wav, -32.85794716454427, -34.09731040612591, -35.67806436763129, -38.180656245143645, -37.29125586968647, -35.03409594524917, -34.36011297793465
/rds/general/user/dtj20/home/signals/NUANCE_SIGNALS/all/D1_3575-170457-0020.wav, -39.962810309776884, -41.57822836155599, -44.33219212691477, -43.076058410321075, -40.171100568794074, -38.13800107777681, -37.188808163644985
/rds/general/user/dtj20/home/signals/NUANCE_SIGNALS/all/P1_2300-131720-0005.wav, -36.499228391078354, -38.11187370495604, -40.61271284569705, -38.14770614976898, -36.176066266870826, -34.747245886958126, -34.11339743442361
/rds/general/user/dtj20/home/signals/NUANCE_SIGNALS/all/P2_1580-141083-0008.wav, -38.023734731875805, -39.416563071887026, -41.58945598048663, -43.84212420748562, -41.533651876180656, -40.343879387058394, -40.354990499463774
/rds/general/user/dtj20/home/signals/NUANCE_SIGNALS/all/D2_3575-170457-0020.wav, -37.56927899799266, -39.05891742164446, -42.32564543781302, -44.924857268431225, -42.69776487741345, -41.01465081990025, -40.15701759755915
/rds/general/user/dtj20/home/signals/NUANCE_SIGNALS/all/D2_2300-131720-0008.wav, -38.07135647024315, -39.88569864361148, -42.41028326636049, -45.244877881898866, -43.07949086203528, -42.160944642132385, -40.965098885649056
/rds/general/user/dtj20/home/signals/NUANCE_SIGNALS/all/P2_1995-1826-0015.wav, -36.314064428604496, -37.6872025480357, -38.2768559822202, -41.90693993539906, -40.28732786484338, -39.48104930200417, -38.73788106472344
/rds/general/user/dtj20/home/signals/NUANCE_SIGNALS/all/P2_237-126133-0008.wav, -42.06115199312215, -43.34376989401137, -46.70468518065321, -47.964792648482415, -43.96993331485901, -42.28707727685277, -41.83216254665281
/rds/general/user/dtj20/home/signals/NUANCE_SIGNALS/all/D2_1995-1826-0000.wav, -38.433595901839006, -39.15551604289896, -40.911133662764776, -42.00246483570326, -41.96225788409424, -40.81136262836299, -40.24644891134421
/rds/general/user/dtj20/home/signals/NUANCE_SIGNALS/all/P2_1580-141083-0000.wav, -41.079918127375805, -42.63119652071211, -44.02660462554357, -46.39313399888462, -43.94157610052028, -42.474608941803886, -41.963855437740136
/rds/general/user/dtj20/home/signals/NUANCE_SIGNALS/all/D2_3575-170457-0001.wav, -35.69068670106492, -36.69236934790452, -38.01552616686816, -39.88481446577364, -38.322628342330916, -37.78878916143293, -38.133675546612984
/rds/general/user/dtj20/home/signals/NUANCE_SIGNALS/all/P2_1995-1826-0000.wav, -36.69254467100203, -38.44946779061257, -39.59724018601635, -43.394835190446216, -42.31736808461447, -41.358016448751144, -40.343008971341085
/rds/general/user/dtj20/home/signals/NUANCE_SIGNALS/all/D1_1089-134686-0016.wav, -43.900583934072586, -44.48633298393059, -47.28881925273492, -45.85427727423853, -44.96560098280522, -42.609778967467975, -42.08445291380207
/rds/general/user/dtj20/home/signals/NUANCE_SIGNALS/all/P1_1320-122612-0013.wav, -42.697267884652504, -44.770807892381335, -47.482645471581506, -46.19950895078098, -43.02679570873508, -41.605064779483094, -40.59672109733009
/rds/general/user/dtj20/home/signals/NUANCE_SIGNALS/all/P2_1089-134686-0016.wav, -40.40591017121866, -41.6490050693649, -44.40039310146058, -46.44813710479742, -44.47441046105929, -42.96201962371417, -41.82778543807791
/rds/general/user/dtj20/home/signals/NUANCE_SIGNALS/all/D2_1320-122612-0009.wav, -37.59738226577919, -38.550887711720534, -40.34554620056292, -41.91258693604471, -41.49610293129001, -40.384740883340655, -39.36327149372645
/rds/general/user/dtj20/home/signals/NUANCE_SIGNALS/all/D2_121-121726-0007.wav, -41.070623973269306, -42.19536732808034, -46.43606718407463, -48.99373159460066, -45.65176431724097, -44.316377287356765, -43.8569887883686
/rds/general/user/dtj20/home/signals/NUANCE_SIGNALS/all/D1_3570-5694-0004.wav, -43.25022317093012, -44.07463126721928, -44.33646667263013, -44.94631985200867, -43.103823619796444, -42.331562804245266, -41.35639387035917
/rds/general/user/dtj20/home/signals/NUANCE_SIGNALS/all/D2_1284-1180-0001.wav, -39.70636394517671, -41.501405874531194, -45.2140516295775, -47.596316435042084, -44.16933241687736, -41.69801668487513, -40.23410901896767
/rds/general/user/dtj20/home/signals/NUANCE_SIGNALS/all/D1_121-121726-0004.wav, -43.70938822998346, -45.55604947080744, -48.522959459571815, -46.26043966961496, -44.0595710273098, -42.01453407779834, -41.484276491719996
/rds/general/user/dtj20/home/signals/NUANCE_SIGNALS/all/D1_1995-1826-0021.wav, -39.94148158408733, -41.40012662427344, -42.03466153289446, -41.128196796045124, -40.89213429281355, -39.57243230038357, -38.358827947154616
/rds/general/user/dtj20/home/signals/NUANCE_SIGNALS/all/P1_3570-5694-0005.wav, -42.52691580769582, -44.53256880987333, -47.909795315223974, -45.58052455331044, -42.55467264674664, -40.2605528791492, -39.202912636070245
/rds/general/user/dtj20/home/signals/NUANCE_SIGNALS/all/D2_1284-1180-0017.wav, -40.69234143868903, -42.3932768663133, -45.60943926079243, -48.03558282674628, -45.18663990687632, -42.49412242891828, -41.104515626911265
/rds/general/user/dtj20/home/signals/NUANCE_SIGNALS/all/P1_3570-5694-0012.wav, -39.92547211997256, -41.647389012660234, -43.6777653160566, -42.957063581131514, -40.97323061940536, -38.4893445784255, -37.977638218382246
/rds/general/user/dtj20/home/signals/NUANCE_SIGNALS/all/D1_1995-1826-0017.wav, -40.88480814296393, -41.13484123083279, -42.42823198703391, -41.62268335382771, -40.95703904852428, -39.468840652490044, -38.49395627590609
/rds/general/user/dtj20/home/signals/NUANCE_SIGNALS/all/D1_2300-131720-0005.wav, -37.09534030821376, -38.303388328476586, -39.09205817154784, -38.08530565729099, -37.02649191297559, -35.77578574451891, -34.885203610466476
/rds/general/user/dtj20/home/signals/NUANCE_SIGNALS/all/P2_121-121726-0000.wav, -36.172157165991784, -37.702712316691645, -39.27712668516468, -42.788492881069295, -40.287465836119836, -38.613558400137876, -37.550147734895305
/rds/general/user/dtj20/home/signals/NUANCE_SIGNALS/all/D1_237-126133-0008.wav, -46.47395529435475, -48.03251107070059, -51.54781364244585, -50.07479190575181, -47.132973295265266, -45.046806265197255, -44.01610045476595
/rds/general/user/dtj20/home/signals/NUANCE_SIGNALS/all/P1_3575-170457-0020.wav, -40.57708835975451, -42.684231845092825, -46.589029793643924, -44.699020148530586, -41.42206224610068, -39.28351648028918, -38.405402274977064
/rds/general/user/dtj20/home/signals/NUANCE_SIGNALS/all/D2_121-121726-0004.wav, -41.40896566550747, -42.822561341140066, -45.98543364593701, -47.846996688186024, -44.98627941139053, -43.55139757252222, -43.17219454535294
/rds/general/user/dtj20/home/signals/NUANCE_SIGNALS/all/D2_3570-5694-0011.wav, -37.88363834226935, -39.37942481236118, -42.21763193993347, -44.98523602057571, -43.57084622710445, -41.64947821458238, -40.574189450301446
/rds/general/user/dtj20/home/signals/NUANCE_SIGNALS/all/D1_1320-122612-0001.wav, -38.88358341081648, -40.448895822703676, -41.753163531524436, -40.58051089882998, -39.964702463774735, -38.54921243059539, -37.58516017086438
/rds/general/user/dtj20/home/signals/NUANCE_SIGNALS/all/P1_121-121726-0000.wav, -41.42211939443147, -43.77304518207892, -46.97227251852212, -45.435900604557126, -42.37721693544657, -40.798019757679626, -40.01309379136896
/rds/general/user/dtj20/home/signals/NUANCE_SIGNALS/all/D1_121-121726-0007.wav, -44.06810846819403, -45.70508043253948, -48.54831506592176, -47.57262643176895, -44.89579144701474, -43.26273145975261, -42.31666246390623
/rds/general/user/dtj20/home/signals/NUANCE_SIGNALS/all/P2_1089-134686-0022.wav, -36.53832780316365, -38.200002267721786, -40.676081702548714, -44.93650714709146, -42.18155584052133, -40.00459280025716, -39.02363589017864
/rds/general/user/dtj20/home/signals/NUANCE_SIGNALS/all/P1_1284-1180-0014.wav, -40.391336179980826, -41.60563930231251, -44.897066860057805, -42.54966484938514, -39.46794282841719, -37.40020321273312, -36.04499240818036
/rds/general/user/dtj20/home/signals/NUANCE_SIGNALS/all/D2_237-126133-0006.wav, -42.52202467158044, -44.780683133733646, -49.52881553493647, -49.59745974279092, -46.33736338826968, -44.4567046690336, -43.68624335647447
/rds/general/user/dtj20/home/signals/NUANCE_SIGNALS/all/D1_1580-141083-0013.wav, -40.511122573853044, -41.69114853923625, -44.21567183481217, -43.41670448614772, -40.59373617835189, -38.027956737386376, -36.762624179055855
/rds/general/user/dtj20/home/signals/NUANCE_SIGNALS/all/D2_3570-5694-0014.wav, -38.05907468521571, -39.94411622757822, -42.02675023163464, -43.1803693624028, -41.484143988899234, -40.28701065148287, -39.08773479571724
/rds/general/user/dtj20/home/signals/NUANCE_SIGNALS/all/P1_1995-1826-0015.wav, -41.91389642222237, -43.4474357141299, -45.764875562583015, -43.60285426894088, -40.98388494089537, -40.5420655975565, -39.42290282925357
/rds/general/user/dtj20/home/signals/NUANCE_SIGNALS/all/P1_3575-170457-0000.wav, -38.80515312319701, -41.07493729513857, -44.28230842470291, -43.522629492935536, -40.81065231340502, -38.59646113646051, -37.67423238507841
/rds/general/user/dtj20/home/signals/NUANCE_SIGNALS/all/P2_3570-5694-0014.wav, -35.2242063641667, -36.85065768807637, -38.592787999429326, -41.62628176028881, -39.97779738630829, -38.514483883247564, -37.55484056346418
/rds/general/user/dtj20/home/signals/NUANCE_SIGNALS/all/P2_1089-134686-0004.wav, -34.60915876825063, -35.96435769074237, -38.427292269544864, -41.29425978734443, -38.75549133283647, -37.4686115261052, -36.72027783718653
/rds/general/user/dtj20/home/signals/NUANCE_SIGNALS/all/D1_3575-170457-0008.wav, -41.76197860097457, -43.17168034045453, -45.15711881646712, -43.175626234434006, -41.414593042860076, -39.7761199505934, -38.70372879971859
/rds/general/user/dtj20/home/signals/NUANCE_SIGNALS/all/P1_237-126133-0006.wav, -42.7832933741471, -44.58504478756562, -48.96701593484019, -47.84248997960928, -43.902759542713, -41.81363322246821, -41.302600167915465
/rds/general/user/dtj20/home/signals/NUANCE_SIGNALS/all/P1_1320-122612-0012.wav, -43.65512319071675, -45.38932362727926, -48.54813244170736, -46.75475157347951, -44.1661904601787, -42.732898840894094, -41.69526260027887
/rds/general/user/dtj20/home/signals/NUANCE_SIGNALS/all/D2_1320-122612-0016.wav, -41.36066711582941, -42.84960305617445, -45.00515214953499, -47.17870918861224, -45.812598807322814, -44.39678969136185, -43.13976564425852
/rds/general/user/dtj20/home/signals/NUANCE_SIGNALS/all/D1_1284-1180-0011.wav, -36.306410319391006, -37.796437136356275, -38.93249317690598, -37.35580473661837, -36.54784988339391, -34.81288729516142, -33.609939756814306
/rds/general/user/dtj20/home/signals/NUANCE_SIGNALS/all/D1_1320-122612-0012.wav, -43.51007628510341, -45.00361349882037, -47.376521351812464, -45.842963542642075, -43.4980482769067, -41.71708995981098, -40.88219487667235
/rds/general/user/dtj20/home/signals/NUANCE_SIGNALS/all/P1_121-121726-0003.wav, -40.71862006108756, -42.60730652740292, -46.687143195013675, -45.549082188074024, -42.172386756444155, -40.30795570670608, -39.356659070956205
/rds/general/user/dtj20/home/signals/NUANCE_SIGNALS/all/D2_3570-5694-0004.wav, -39.78750237333612, -41.31301168382626, -44.19464799648422, -46.271740588855934, -44.07608380949014, -42.732566213677, -42.45939750421671
/rds/general/user/dtj20/home/signals/NUANCE_SIGNALS/all/P2_3570-5694-0011.wav, -37.19828957157308, -38.74477097653894, -40.49212366367953, -44.335356795623674, -42.53818272942127, -40.690513653838224, -39.51695566520713
/rds/general/user/dtj20/home/signals/NUANCE_SIGNALS/all/P2_1284-1180-0003.wav, -36.49447024341023, -37.590291228281146, -38.9787211863223, -40.69109266379324, -39.00887228025485, -36.96398518442826, -36.398781282285356
/rds/general/user/dtj20/home/signals/NUANCE_SIGNALS/all/P1_1284-1180-0001.wav, -38.28724608656611, -40.94708351713392, -45.33080912699177, -45.051088378662236, -41.414261099010695, -38.8960875808303, -37.34327408096427
/rds/general/user/dtj20/home/signals/NUANCE_SIGNALS/all/D2_1284-1180-0014.wav, -39.50617272073457, -41.09334964550864, -43.435521832315736, -43.8489260608177, -42.390841491864954, -39.88755814370974, -38.73675857173272
/rds/general/user/dtj20/home/signals/NUANCE_SIGNALS/all/P1_1580-141083-0013.wav, -36.54446783659238, -38.85902868906512, -42.42905411633471, -43.27180232568455, -39.98046938078182, -37.97022618014985, -37.88474957514427
/rds/general/user/dtj20/home/signals/NUANCE_SIGNALS/all/P1_1284-1180-0017.wav, -38.88614884516404, -41.56006008530512, -46.138213755161416, -44.966642408909976, -41.31329334561428, -38.8154177937275, -37.22835150211887
/rds/general/user/dtj20/home/signals/NUANCE_SIGNALS/all/P2_1580-141083-0013.wav, -34.34734687442482, -35.72278219884194, -37.63733001604366, -38.83078299640138, -34.93450827716948, -33.32945214452233, -32.91221998949995
/rds/general/user/dtj20/home/signals/NUANCE_SIGNALS/all/P2_121-121726-0003.wav, -36.39936777468489, -37.783825570649356, -39.88726949935699, -42.22627413012927, -40.01861277404405, -38.902658894408845, -38.266497217370926
/rds/general/user/dtj20/home/signals/NUANCE_SIGNALS/all/D1_3570-5694-0011.wav, -42.052838915872755, -43.15267962560671, -44.07586081456938, -42.647827081500765, -40.79424002807346, -39.07498956353472, -38.150557802483625
/rds/general/user/dtj20/home/signals/NUANCE_SIGNALS/all/P2_2300-131720-0005.wav, -31.337216848844186, -32.94540313782122, -35.11924785264868, -37.879754578185526, -36.585147957674344, -34.76315548646176, -33.63704446923261
/rds/general/user/dtj20/home/signals/NUANCE_SIGNALS/all/P1_121-121726-0007.wav, -43.09650638779285, -44.943334333642795, -48.306845548886066, -46.17366675289961, -43.62454254770468, -42.27359664093041, -41.58772145435214
/rds/general/user/dtj20/home/signals/NUANCE_SIGNALS/all/P1_1089-134686-0008.wav, -44.1147059832705, -46.39530487963466, -49.14499912675525, -48.47619544905098, -45.79934343805708, -43.73599900057765, -42.49145088872011
/rds/general/user/dtj20/home/signals/NUANCE_SIGNALS/all/D2_237-126133-0000.wav, -42.41514334908047, -44.72739159791706, -48.915311766526756, -49.59140859260228, -46.11766754574175, -44.57824357361115, -43.87730142724041
/rds/general/user/dtj20/home/signals/NUANCE_SIGNALS/all/D2_3575-170457-0000.wav, -37.21494168134571, -38.768977077278024, -41.69180746043888, -44.27703130360158, -41.50214480147042, -39.32988705219459, -38.465854286219916
/rds/general/user/dtj20/home/signals/NUANCE_SIGNALS/all/D1_3570-5694-0014.wav, -39.30465287671031, -40.114031549791676, -42.230826598369475, -41.14495156172269, -39.69247770008637, -38.82229233628267, -37.66997962591786
/rds/general/user/dtj20/home/signals/NUANCE_SIGNALS/all/D2_121-121726-0003.wav, -39.481027819092944, -40.92327379823757, -44.509562078889864, -45.6231558129423, -42.73026482759587, -41.36512370438972, -41.03191328147935
/rds/general/user/dtj20/home/signals/NUANCE_SIGNALS/all/D2_1089-134686-0008.wav, -42.98260794241407, -44.919941883213085, -48.05042635772408, -50.73985866585737, -47.93138550616989, -45.58791290134646, -44.51890153093581
/rds/general/user/dtj20/home/signals/NUANCE_SIGNALS/all/D1_2300-131720-0013.wav, -39.49943326584139, -41.22009058273517, -43.40914769645462, -41.559591609220206, -39.375651312331314, -37.79024460025671, -36.795575189817626
/rds/general/user/dtj20/home/signals/NUANCE_SIGNALS/all/D1_3575-170457-0013.wav, -40.9588593953348, -42.53338177702681, -43.58113571405079, -40.95678786217242, -40.723122495684734, -39.58636288650462, -38.860400713073744
/rds/general/user/dtj20/home/signals/NUANCE_SIGNALS/all/D2_1995-1826-0021.wav, -37.48588222008499, -39.08125676924548, -41.467108123097525, -44.69704897711097, -43.22650756164439, -41.484149100193434, -41.03958632686875
/rds/general/user/dtj20/home/signals/NUANCE_SIGNALS/all/D1_237-126133-0007.wav, -43.564423519381734, -45.5079678389077, -49.11742391079538, -47.53075292724179, -43.81840681016491, -41.640440390350975, -40.72224640017683
/rds/general/user/dtj20/home/signals/NUANCE_SIGNALS/all/D1_1089-134686-0000.wav, -43.18415641799245, -44.451598565754786, -46.624918325435004, -45.557282578338544, -43.489952321655394, -42.18979136811473, -41.134712539437395
/rds/general/user/dtj20/home/signals/NUANCE_SIGNALS/all/P1_1995-1826-0000.wav, -40.6565053698904, -42.05858568369457, -43.83630753705476, -42.57182320331634, -40.43991643178149, -38.61820654063135, -37.04020056055639
/rds/general/user/dtj20/home/signals/NUANCE_SIGNALS/all/P1_1089-134686-0016.wav, -45.080155635277414, -46.64076026668897, -48.93633661554128, -47.43715964273812, -45.95542298017815, -43.77123301117115, -42.85976138468351
/rds/general/user/dtj20/home/signals/NUANCE_SIGNALS/all/D2_237-126133-0001.wav, -42.76291710280543, -44.65427093531551, -49.84528786984455, -50.741456916032334, -47.323036976994295, -45.33865817389811, -44.921983173270526
/rds/general/user/dtj20/home/signals/NUANCE_SIGNALS/all/P1_1995-1826-0009.wav, -41.66057786000499, -43.28064407422382, -45.10719238028757, -43.61303268981783, -41.51834323865962, -40.65423268725662, -39.91152916004394
/rds/general/user/dtj20/home/signals/NUANCE_SIGNALS/all/P2_3570-5694-0012.wav, -35.00642546053679, -36.28747804969878, -38.98585060769298, -40.47146213179575, -38.57708121290374, -35.78070404917606, -34.382020500402184
/rds/general/user/dtj20/home/signals/NUANCE_SIGNALS/all/P2_2300-131720-0013.wav, -34.21284633953627, -35.690196348649415, -37.878392291655516, -41.837387550142246, -39.39932396611171, -37.470843646123306, -36.50122325905158
/rds/general/user/dtj20/home/signals/NUANCE_SIGNALS/all/P2_1284-1180-0017.wav, -36.042650033994555, -37.71772639133876, -39.78041411465445, -43.27496497754311, -39.70603129181221, -37.62657104227982, -36.4490777620159
/rds/general/user/dtj20/home/signals/NUANCE_SIGNALS/all/P2_1995-1826-0009.wav, -36.45385744013647, -38.03536499805763, -39.07881432332716, -44.264263322862746, -43.04964467684066, -41.379923732169416, -40.07093963146242
/rds/general/user/dtj20/home/signals/NUANCE_SIGNALS/all/D1_2300-131720-0008.wav, -40.57659328155111, -41.37654132077092, -43.47120159569015, -41.870152738232484, -40.6284785801709, -39.44695443951277, -38.76246893479921
/rds/general/user/dtj20/home/signals/NUANCE_SIGNALS/all/D2_1320-122612-0001.wav, -36.796180507176, -37.60595047328181, -39.92671425190891, -42.91643357407936, -41.40084887003026, -40.33305249740727, -39.71731363889311
/rds/general/user/dtj20/home/signals/NUANCE_SIGNALS/all/P2_237-126133-0000.wav, -40.59350547202757, -41.728459263922694, -45.14731594329498, -47.18541451223699, -43.916750217948135, -42.29971096109164, -41.442901514186616
/rds/general/user/dtj20/home/signals/NUANCE_SIGNALS/all/D2_237-126133-0008.wav, -44.90727466185072, -46.71939118287297, -50.845989357968364, -51.8013705482804, -48.27647745366076, -45.97799080198953, -45.44759266022745
/rds/general/user/dtj20/home/signals/NUANCE_SIGNALS/all/D1_1284-1180-0017.wav, -41.66575302115714, -43.81417786591935, -46.68405988399389, -45.59262689917823, -42.82530788120076, -40.682286018573556, -39.14469356709646
/rds/general/user/dtj20/home/signals/NUANCE_SIGNALS/all/P1_2300-131720-0008.wav, -41.06092890311673, -43.0803550865066, -44.9214240812794, -43.49676412065968, -40.42197422064275, -38.88041307877026, -37.86941004318045
/rds/general/user/dtj20/home/signals/NUANCE_SIGNALS/all/P1_1284-1180-0011.wav, -34.88465428084923, -37.07052933662341, -41.299908662386564, -39.55502004383763, -36.96826269372616, -35.074479211204185, -33.99607328982617
/rds/general/user/dtj20/home/signals/NUANCE_SIGNALS/all/P2_237-126133-0001.wav, -41.250833000192756, -42.59399486071716, -46.180285046901304, -47.63232141678718, -44.19905788991849, -42.67147362175762, -42.01742776550876
/rds/general/user/dtj20/home/signals/NUANCE_SIGNALS/all/D2_121-121726-0009.wav, -41.28683822710058, -43.11724770382739, -47.29813869059329, -49.35742087170482, -45.81487902773512, -44.162843266365215, -43.53436512144838
/rds/general/user/dtj20/home/signals/NUANCE_SIGNALS/all/D1_121-121726-0003.wav, -41.0984680226192, -43.12235703661317, -46.091528074727776, -44.5480975101985, -41.43880925374704, -39.389467231926695, -38.26008339931141
/rds/general/user/dtj20/home/signals/NUANCE_SIGNALS/all/P2_1284-1180-0001.wav, -35.11372183825126, -36.82383421865946, -39.25551133347155, -40.95199404290256, -38.10275096541497, -36.04561126922634, -35.11695237323487
/rds/general/user/dtj20/home/signals/NUANCE_SIGNALS/all/P1_3570-5694-0014.wav, -40.05214029645717, -42.441456834622315, -44.8098003946926, -43.2986501966914, -41.34691172018668, -39.25533281124227, -37.95330477068832
/rds/general/user/dtj20/home/signals/NUANCE_SIGNALS/all/D1_1284-1180-0001.wav, -40.48336659904129, -42.49378985933589, -45.539232114964285, -44.2976612256051, -40.82373628212857, -38.193993237076505, -36.726111968491765
/rds/general/user/dtj20/home/signals/NUANCE_SIGNALS/all/P1_121-121726-0004.wav, -42.18758400347657, -44.19087341599359, -47.76771301268405, -46.41374916088708, -43.07914180838527, -41.300467939256656, -40.24233901265021
/rds/general/user/dtj20/home/signals/NUANCE_SIGNALS/all/D1_3575-170457-0001.wav, -37.894134525123505, -37.586590500695635, -37.4153295041934, -37.97545077442553, -36.24892005332259, -35.20438910429683, -35.41906461810917
/rds/general/user/dtj20/home/signals/NUANCE_SIGNALS/all/P2_1284-1180-0011.wav, -29.50944706279058, -30.9545551757451, -33.12576793342543, -37.425066913025375, -34.36129794631689, -32.43869471049396, -31.229968766600127
/rds/general/user/dtj20/home/signals/NUANCE_SIGNALS/all/P1_1320-122612-0001.wav, -37.71730794352501, -39.19840302116991, -40.39234160125836, -39.184988840909455, -37.31856225248959, -37.15861314241231, -35.934740876469576
/rds/general/user/dtj20/home/signals/NUANCE_SIGNALS/all/D1_237-126133-0000.wav, -44.28686798407465, -46.52483468222926, -50.30230975182342, -49.20162989580724, -45.32547327812694, -43.043962766307416, -41.79601707489227
/rds/general/user/dtj20/home/signals/NUANCE_SIGNALS/all/P1_1995-1826-0021.wav, -41.445495151317424, -42.337438268756564, -43.92106878802214, -41.13125330709563, -39.53665351583182, -38.49757527033624, -37.43324622921285
/rds/general/user/dtj20/home/signals/NUANCE_SIGNALS/all/P1_237-126133-0000.wav, -43.716614788476065, -45.72960674515049, -50.52695650472464, -49.84316042876911, -45.89106814653113, -43.89021011356422, -43.21781249578913
/rds/general/user/dtj20/home/signals/NUANCE_SIGNALS/all/D2_2300-131720-0014.wav, -37.82298327673047, -39.34345355594246, -41.630242280514516, -43.15888687537638, -42.75416246211929, -41.90032570794372, -41.23532799082989
/rds/general/user/dtj20/home/signals/NUANCE_SIGNALS/all/D1_1580-141083-0008.wav, -39.971689415319176, -42.476792377489545, -46.88298680866854, -45.444956948588136, -41.510214598228444, -39.50045855042482, -39.10141077084377
/rds/general/user/dtj20/home/signals/NUANCE_SIGNALS/all/P2_3575-170457-0020.wav, -35.52468264127191, -37.25293744708398, -39.64286365280784, -41.33058504023586, -38.93748368956362, -37.32776568347109, -36.57613012887869
/rds/general/user/dtj20/home/signals/NUANCE_SIGNALS/all/D2_2300-131720-0016.wav, -36.29801600395213, -37.80105733847563, -41.18749025460871, -43.710500198785674, -41.61564463183006, -39.84028189939709, -39.11629420041243
/rds/general/user/dtj20/home/signals/NUANCE_SIGNALS/all/D2_1995-1826-0009.wav, -38.72169186364107, -39.81917450352533, -42.636823268080846, -44.84446663065269, -43.11285642686967, -42.0251832756325, -41.134387558873236
/rds/general/user/dtj20/home/signals/NUANCE_SIGNALS/all/D2_3570-5694-0005.wav, -41.397913175774256, -42.58205082767077, -45.35235228644027, -48.631422126171, -46.46992823226094, -44.024738712597156, -43.4896502807235
/rds/general/user/dtj20/home/signals/NUANCE_SIGNALS/all/P1_237-126133-0007.wav, -42.47809848445803, -44.64364864849887, -49.078168085610386, -47.9559680218977, -44.102289428018075, -41.75139569504179, -41.05645632796104
/rds/general/user/dtj20/home/signals/NUANCE_SIGNALS/all/D2_1580-141083-0014.wav, -39.85871206830629, -41.8247585832538, -45.695403092005535, -46.408719254780465, -43.509312375517915, -42.44582626590679, -42.11039921745463
/rds/general/user/dtj20/home/signals/NUANCE_SIGNALS/all/P1_1089-134686-0022.wav, -42.094593493223144, -44.680683927820354, -48.630736403247624, -46.69596634515402, -43.68598713540686, -41.09789879996228, -39.9913487656249
/rds/general/user/dtj20/home/signals/NUANCE_SIGNALS/all/D2_1320-122612-0012.wav, -39.94697505428037, -41.47829379076229, -45.151536507458594, -49.020433371556045, -45.93432277021368, -44.72454561565425, -44.02812212557982
/rds/general/user/dtj20/home/signals/NUANCE_SIGNALS/all/P1_2300-131720-0013.wav, -39.607392113386965, -41.42182597556854, -45.06783836655666, -42.506369691734605, -39.85160750067553, -38.036545691562296, -36.919885931766956
/rds/general/user/dtj20/home/signals/NUANCE_SIGNALS/all/D1_237-126133-0001.wav, -44.83504997261676, -47.29476241181632, -51.27545312873175, -49.67561945787266, -45.43517932995214, -43.15592614695035, -41.966869729654476
/rds/general/user/dtj20/home/signals/NUANCE_SIGNALS/all/P1_1580-141083-0014.wav, -41.048396587821074, -42.704978861354626, -46.27939120678608, -44.51568345527203, -41.614698405418984, -40.29084742361398, -39.80455166542626
/rds/general/user/dtj20/home/signals/NUANCE_SIGNALS/all/D2_1580-141083-0004.wav, -43.37541967531556, -44.60913567176071, -48.40619848328097, -51.25792415839926, -47.99237162042733, -46.59612332347859, -46.206237810758104
/rds/general/user/dtj20/home/signals/NUANCE_SIGNALS/all/P2_3570-5694-0005.wav, -37.66992257506492, -39.130188063512385, -40.511988056437886, -44.20755109735908, -43.10573077742746, -41.543983580060114, -40.60324995957832
/rds/general/user/dtj20/home/signals/NUANCE_SIGNALS/all/D2_1320-122612-0013.wav, -41.18639657340654, -42.81709191767558, -46.458429848782714, -49.92498621384671, -47.154658163831996, -45.840943275124886, -44.56985493133683
/rds/general/user/dtj20/home/signals/NUANCE_SIGNALS/all/P2_3575-170457-0008.wav, -37.50307420034059, -39.10909471468762, -40.76752586287017, -43.939003220915325, -41.52322540583961, -39.198924443873494, -37.989357501115435
/rds/general/user/dtj20/home/signals/NUANCE_SIGNALS/all/D2_3570-5694-0012.wav, -36.616735399050874, -38.296913128258424, -40.28138632801101, -40.91047419331023, -42.93579755111651, -40.45235936577708, -40.79881559199829
/rds/general/user/dtj20/home/signals/NUANCE_SIGNALS/all/D2_1995-1826-0017.wav, -38.70920208358258, -40.345971494852115, -42.25396261651457, -43.64588881019709, -43.52448241527982, -42.21999857606741, -41.66429870780667
/rds/general/user/dtj20/home/signals/NUANCE_SIGNALS/all/D1_121-121726-0009.wav, -42.37410922452299, -44.431563952991084, -47.744393532229495, -46.82651487391301, -43.38167163956896, -40.854887569832, -39.69283147014079
/rds/general/user/dtj20/home/signals/NUANCE_SIGNALS/all/D2_2300-131720-0013.wav, -36.822613203168686, -38.511792923765135, -41.90081440533656, -45.108110551712755, -42.74876052830132, -41.08134718321132, -40.2232468744009
/rds/general/user/dtj20/home/signals/NUANCE_SIGNALS/all/P2_1089-134686-0008.wav, -38.20889880707338, -39.7405416144087, -41.71277506869541, -45.16151810290563, -43.47385659588551, -41.85705778412157, -41.23466949532676
/rds/general/user/dtj20/home/signals/NUANCE_SIGNALS/all/P2_1320-122612-0001.wav, -34.29625838893284, -36.097947220419, -37.1871339421691, -40.7605307636821, -39.38371830299005, -38.406643047061, -37.15783849012738
/rds/general/user/dtj20/home/signals/NUANCE_SIGNALS/all/P2_121-121726-0004.wav, -38.05622136984917, -39.08707917535533, -40.38814665095914, -43.99564458659885, -42.01366324231881, -40.90287104753366, -40.363481545826986
/rds/general/user/dtj20/home/signals/NUANCE_SIGNALS/all/D1_2300-131720-0016.wav, -38.25144940131639, -39.517499113751605, -41.512667128434444, -40.23196774107091, -38.33314564443838, -36.86378535955518, -35.913489169239845
/rds/general/user/dtj20/home/signals/NUANCE_SIGNALS/all/P1_1320-122612-0009.wav, -39.75884493898019, -40.46353257032888, -41.9668442645061, -40.31719199074256, -38.83167274267599, -38.10618849029614, -37.15250198963928
/rds/general/user/dtj20/home/signals/NUANCE_SIGNALS/all/P2_3575-170457-0013.wav, -36.89403628339531, -38.93053939348344, -40.80300339909911, -42.339756530276986, -40.336632193472965, -38.97945490921736, -38.38204127761396
/rds/general/user/dtj20/home/signals/NUANCE_SIGNALS/all/P1_3575-170457-0008.wav, -42.22941638112866, -44.31460026681924, -47.85815872329923, -46.6516561167363, -43.791248406337985, -41.86454722685639, -40.6612725011356
/rds/general/user/dtj20/home/signals/NUANCE_SIGNALS/all/D1_1320-122612-0013.wav, -44.425288268599985, -45.70813504040007, -47.90827455015425, -46.86412749976765, -44.62685176285791, -42.995572834934705, -41.36516744113777
/rds/general/user/dtj20/home/signals/NUANCE_SIGNALS/all/P2_1995-1826-0021.wav, -36.568743225671334, -38.18125787415194, -39.926403082772545, -43.31144745533376, -41.85245648813059, -40.68823386340835, -39.51735481593295
/rds/general/user/dtj20/home/signals/NUANCE_SIGNALS/all/D1_237-126133-0006.wav, -43.80343584655656, -45.623585675460944, -48.75535451967001, -47.54506610271393, -43.9554744176299, -42.036586291140445, -41.57233801766785
/rds/general/user/dtj20/home/signals/NUANCE_SIGNALS/all/D2_237-126133-0007.wav, -41.65880640021772, -43.74730707839453, -48.6622380025737, -49.413049369292914, -45.90577745561568, -44.1457350279326, -43.611242327839285
/rds/general/user/dtj20/home/signals/NUANCE_SIGNALS/all/P1_3570-5694-0011.wav, -41.20889991698942, -43.181673996004136, -46.6628447364339, -44.43342309202854, -41.833717820157034, -39.75676590493133, -38.66633123324667
/rds/general/user/dtj20/home/signals/NUANCE_SIGNALS/all/P2_1320-122612-0012.wav, -39.09386922697435, -40.78311112738068, -42.593595166516714, -45.95836922470612, -43.54221560393135, -42.033895976925315, -40.88544586264249
/rds/general/user/dtj20/home/signals/NUANCE_SIGNALS/all/D1_1580-141083-0000.wav, -46.19730679899043, -47.694396742133584, -49.93972501637007, -48.6529401599403, -46.78908475059088, -45.47688777636574, -44.82519406552632
/rds/general/user/dtj20/home/signals/NUANCE_SIGNALS/all/D2_1089-134686-0022.wav, -40.443822709191835, -42.49817594342907, -46.27815884328737, -48.582428118714056, -45.33041077988973, -43.0535148409606, -41.63606080151783
/rds/general/user/dtj20/home/signals/NUANCE_SIGNALS/all/D1_1995-1826-0000.wav, -41.36013768567028, -42.65399307804828, -43.05839447989429, -42.490326231415665, -42.10776435212493, -40.420070512723015, -39.35203656797783
/rds/general/user/dtj20/home/signals/NUANCE_SIGNALS/all/P2_2300-131720-0016.wav, -33.76674338704183, -34.92001834886623, -36.776716354870715, -40.39685314536435, -38.12239491614622, -36.70615151911524, -35.75153686756731
/rds/general/user/dtj20/home/signals/NUANCE_SIGNALS/all/P1_2300-131720-0016.wav, -38.372436972733496, -40.475118863017165, -43.97406248715385, -42.237740774452604, -39.13783423083641, -37.2125289927572, -36.17848222909103
/rds/general/user/dtj20/home/signals/NUANCE_SIGNALS/all/P1_121-121726-0009.wav, -41.7641071571734, -44.0045308226735, -48.14171132335468, -47.19734750457992, -43.89756372343346, -41.92988911365272, -40.849072529305765
/rds/general/user/dtj20/home/signals/NUANCE_SIGNALS/all/D2_121-121726-0000.wav, -40.28439174494727, -41.74934402357697, -45.67234901451908, -48.00861502124544, -44.808229412470894, -43.04454107537198, -42.3264108691232
/rds/general/user/dtj20/home/signals/NUANCE_SIGNALS/all/P1_1089-134686-0000.wav, -41.84709553700651, -44.22709308987075, -47.77381610213531, -46.263764742928544, -43.0668227757949, -41.0664738707144, -39.726536447511016
