/rds/general/user/dtj20/home/signals/NUANCE_SIGNALS/all/P2_1284-1180-0014.wav, -35.561675861937026, -37.452144136680985, -40.36029343100203, -41.98279204674008, -38.81965013603895, -35.675515911447214, -34.422402500986756
/rds/general/user/dtj20/home/signals/NUANCE_SIGNALS/all/D2_1284-1180-0003.wav, -40.27104338418218, -42.29741431834122, -45.41846646434095, -46.39916547305357, -42.38111481536571, -40.22048919499751, -38.3450807627811
/rds/general/user/dtj20/home/signals/NUANCE_SIGNALS/all/D1_1284-1180-0014.wav, -41.08115131936633, -43.88708908423279, -46.03002551493992, -45.834712822302954, -42.244597821929176, -41.19375587886148, -39.3639250719742
/rds/general/user/dtj20/home/signals/NUANCE_SIGNALS/all/P1_1284-1180-0003.wav, -35.74049109910203, -38.97463207662793, -44.362492333938135, -43.243252086538945, -39.20830252092669, -36.70372951534794, -35.66436697678928
/rds/general/user/dtj20/home/signals/NUANCE_SIGNALS/all/D1_1284-1180-0003.wav, -41.488703767431815, -43.50828354762719, -45.93530289117206, -46.16840246328337, -42.37405461145089, -40.850245260599294, -39.62098279651074
/rds/general/user/dtj20/home/signals/NUANCE_SIGNALS/all/P1_3570-5694-0004.wav, -43.7967825454599, -45.565949916575164, -49.574226411052614, -48.317125844569404, -44.53434852614648, -42.04367792634848, -40.84594675461847
/rds/general/user/dtj20/home/signals/NUANCE_SIGNALS/all/P1_2300-131720-0014.wav, -39.98471986274643, -41.394536037022476, -46.27997131185766, -45.17450095142085, -40.7884420761679, -39.55479366990979, -38.488880672754675
/rds/general/user/dtj20/home/signals/NUANCE_SIGNALS/all/P2_237-126133-0006.wav, -39.35671671476183, -40.53713740869753, -44.271421003620844, -45.5945697854508, -42.20237158712112, -40.4570074299576, -39.73157275857846
/rds/general/user/dtj20/home/signals/NUANCE_SIGNALS/all/D2_1089-134686-0004.wav, -38.93367271642822, -41.1666465260833, -46.09844107287587, -47.72997957798613, -43.58067105443336, -41.15829778183301, -39.88470364053549
/rds/general/user/dtj20/home/signals/NUANCE_SIGNALS/all/P2_237-126133-0007.wav, -38.57531963172255, -39.79026537607862, -43.96570602014164, -44.712988638586836, -40.807812686227614, -39.03327706806203, -38.714689711248965
/rds/general/user/dtj20/home/signals/NUANCE_SIGNALS/all/P2_1320-122612-0016.wav, -38.75598372197662, -40.85079518265604, -43.12155851810428, -45.36543931491409, -43.675627761288425, -41.4989555178121, -40.31425994914318
/rds/general/user/dtj20/home/signals/NUANCE_SIGNALS/all/D2_2300-131720-0005.wav, -36.22507710401773, -38.508941933172636, -43.11799778818398, -44.323454745960646, -40.577189714013606, -38.35765491701433, -37.01048755703509
/rds/general/user/dtj20/home/signals/NUANCE_SIGNALS/all/P2_1089-134686-0000.wav, -37.74083653625469, -39.14378713165799, -41.725240092171475, -44.90322337954555, -41.65138855883485, -39.70086176329844, -38.70700832354529
/rds/general/user/dtj20/home/signals/NUANCE_SIGNALS/all/P1_1580-141083-0008.wav, -44.33156430566851, -45.782588496055006, -49.71319746547613, -48.113129431119944, -45.00047038050579, -43.37265803132594, -42.78351022084504
/rds/general/user/dtj20/home/signals/NUANCE_SIGNALS/all/P2_121-121726-0007.wav, -38.48899239658026, -39.350508472282, -39.758407637126666, -43.691889216141206, -41.8116197820807, -40.17804128024832, -39.16044743391032
/rds/general/user/dtj20/home/signals/NUANCE_SIGNALS/all/D1_2300-131720-0014.wav, -39.990870313773435, -41.61600104355613, -44.386529315694716, -42.11519903818442, -40.60639030855199, -38.79905684210299, -37.93361446374573
/rds/general/user/dtj20/home/signals/NUANCE_SIGNALS/all/D1_3570-5694-0012.wav, -41.79750509439664, -43.298638441333054, -44.635860803901025, -43.408968853362246, -42.52698291020078, -40.29568526763577, -39.87736535565111
/rds/general/user/dtj20/home/signals/NUANCE_SIGNALS/all/P1_1995-1826-0017.wav, -42.3334404461659, -44.05358672224094, -47.64548928942639, -46.13418054104565, -43.31736865970714, -41.05912035087659, -39.898024763857485
/rds/general/user/dtj20/home/signals/NUANCE_SIGNALS/all/D1_1995-1826-0015.wav, -42.99636644798193, -43.924145775046725, -46.15301213971266, -45.05303421034104, -41.72137457058949, -40.48089477451721, -39.06466516208476
/rds/general/user/dtj20/home/signals/NUANCE_SIGNALS/all/D1_1995-1826-0009.wav, -41.81209597983401, -42.735410731429255, -44.974621147866564, -42.68162239381467, -42.0038513067836, -40.26035720970428, -38.160475607536036
/rds/general/user/dtj20/home/signals/NUANCE_SIGNALS/all/D1_1320-122612-0009.wav, -39.91930009437021, -40.953174427579384, -43.56520289320396, -41.133331471013946, -40.78391017356661, -39.06930527382214, -37.09150449011445
/rds/general/user/dtj20/home/signals/NUANCE_SIGNALS/all/P1_3575-170457-0001.wav, -38.703252715441295, -40.694872641905036, -41.05949471574479, -42.28952519623646, -40.45719237166903, -37.346239186529154, -36.414410261513865
/rds/general/user/dtj20/home/signals/NUANCE_SIGNALS/all/D2_1995-1826-0015.wav, -36.906744665704764, -39.09676777144942, -41.46820903939488, -44.6329120092851, -42.34955522760519, -40.27550264406382, -40.187283196824104
/rds/general/user/dtj20/home/signals/NUANCE_SIGNALS/all/P2_2300-131720-0008.wav, -35.91324221205358, -37.511051528706545, -40.88101963233697, -44.890893054556564, -41.66504442914913, -39.44313647583059, -38.26835025575094
/rds/general/user/dtj20/home/signals/NUANCE_SIGNALS/all/D1_1089-134686-0008.wav, -45.53945263404137, -47.361305591794725, -49.61934091530197, -49.39775728340139, -45.530945265780915, -43.875663704060216, -42.14090213531074
/rds/general/user/dtj20/home/signals/NUANCE_SIGNALS/all/D1_1089-134686-0022.wav, -43.31131262626906, -45.716729930713676, -48.96133146671025, -47.76302506348341, -44.385271858112986, -41.697040645600254, -40.26710627906792
/rds/general/user/dtj20/home/signals/NUANCE_SIGNALS/all/D1_1320-122612-0016.wav, -43.6433855485652, -44.69674555131454, -45.9447101690536, -44.6817038043919, -42.872212136683146, -41.974786078904, -41.22876726466618
/rds/general/user/dtj20/home/signals/NUANCE_SIGNALS/all/P2_3575-170457-0000.wav, -34.7194473794912, -36.401672800828685, -39.49768525557256, -41.56064312815361, -38.31028223486564, -36.60943715716063, -35.45437188054598
/rds/general/user/dtj20/home/signals/NUANCE_SIGNALS/all/P1_1320-122612-0016.wav, -44.3662161354731, -45.74920843102676, -47.91974280070848, -45.96672901413908, -44.80119177614162, -42.97056053564173, -41.679303788006294
/rds/general/user/dtj20/home/signals/NUANCE_SIGNALS/all/D1_3575-170457-0000.wav, -39.46624883469287, -41.05786767262537, -44.098615892546185, -42.74147367087686, -39.879921551874816, -37.844352516184884, -36.84477852023407
/rds/general/user/dtj20/home/signals/NUANCE_SIGNALS/all/D2_1089-134686-0016.wav, -43.8091262402255, -45.068224894482974, -48.15122605401149, -49.41531573717208, -46.62699442010065, -45.08230672490737, -44.29940603703902
/rds/general/user/dtj20/home/signals/NUANCE_SIGNALS/all/D1_121-121726-0000.wav, -42.90634198469227, -45.060297613468556, -48.54019233182147, -47.12188258574364, -43.9974881922555, -41.5589825068442, -40.45590158320364
/rds/general/user/dtj20/home/signals/NUANCE_SIGNALS/all/D2_1580-141083-0000.wav, -43.498330120408184, -44.62816714830766, -48.4607470452357, -51.243444436823616, -48.275469474889206, -47.07513807890582, -46.887020359040264
/rds/general/user/dtj20/home/signals/NUANCE_SIGNALS/all/P1_1580-141083-0004.wav, -43.81627605245663, -45.7747190240607, -49.559560047522304, -48.553163034355514, -45.68435983813287, -44.76635466805153, -44.56765646725348
/rds/general/user/dtj20/home/signals/NUANCE_SIGNALS/all/D1_1580-141083-0004.wav, -46.1014144342504, -47.86812368152017, -50.397966319617744, -49.06635730847712, -46.43154062355612, -44.38889854318162, -43.77073114689668
/rds/general/user/dtj20/home/signals/NUANCE_SIGNALS/all/D2_1284-1180-0011.wav, -32.402076746489776, -34.60386628980919, -38.24952831177133, -41.4430820215179, -38.6169684524938, -36.42179232663945, -35.08469961561262
/rds/general/user/dtj20/home/signals/NUANCE_SIGNALS/all/P2_1580-141083-0014.wav, -36.29633957372554, -37.18980283854958, -39.3383337565468, -41.55678016717534, -38.68419044309731, -37.08561348622015, -36.41691246140558
/rds/general/user/dtj20/home/signals/NUANCE_SIGNALS/all/P2_1320-122612-0013.wav, -38.841213818415646, -40.30181273172451, -41.837264501794486, -46.280233697656854, -44.24811694022752, -42.17749780226516, -40.89600867460944
/rds/general/user/dtj20/home/signals/NUANCE_SIGNALS/all/D2_1089-134686-0000.wav, -41.540772023043885, -43.69303407241812, -47.78283824777047, -49.426194783779245, -45.72867029927531, -43.584161338323426, -42.77254056692162
/rds/general/user/dtj20/home/signals/NUANCE_SIGNALS/all/P2_1320-122612-0009.wav, -34.013141537435494, -36.75109770292191, -38.54004878995701, -41.139872322204596, -38.97218049516564, -37.22581133214233, -35.52414629561706
/rds/general/user/dtj20/home/signals/NUANCE_SIGNALS/all/D1_1580-141083-0014.wav, -42.7152705423978, -44.187224051217385, -47.3651196630325, -45.64514815925739, -42.560049238808055, -40.34500904290687, -39.56219885308805
/rds/general/user/dtj20/home/signals/NUANCE_SIGNALS/all/P1_237-126133-0001.wav, -44.88485002870145, -46.916573599092246, -51.66161387369356, -51.14643875337855, -46.98431738238693, -45.04213955222666, -44.139585794841956
/rds/general/user/dtj20/home/signals/NUANCE_SIGNALS/all/P2_1580-141083-0004.wav, -41.139878774603574, -42.19218021947335, -43.46996966446895, -46.07648911248765, -42.68637984224226, -41.653432551717856, -40.76170454221028
/rds/general/user/dtj20/home/signals/NUANCE_SIGNALS/all/D1_3570-5694-0005.wav, -45.778741957922534, -47.61088176160281, -50.788038679061216, -48.288265795733274, -45.40379894935077, -43.192719447182235, -42.169953787892624
/rds/general/user/dtj20/home/signals/NUANCE_SIGNALS/all/P1_237-126133-0008.wav, -46.01877820998918, -48.638886292880805, -52.658420918424284, -52.09921765240442, -48.13731119596789, -45.95131717945505, -45.019718064571315
/rds/general/user/dtj20/home/signals/NUANCE_SIGNALS/all/D2_3575-170457-0008.wav, -37.18254737560955, -39.059889272454306, -43.20844365580808, -46.85081979449812, -44.07584468975152, -41.92657271754744, -41.037135513471455
/rds/general/user/dtj20/home/signals/NUANCE_SIGNALS/all/D2_3575-170457-0013.wav, -38.90467352366416, -40.30174256990784, -42.610636635776096, -46.425906145100164, -44.15315674654495, -42.72120205367615, -41.61174733241423
/rds/general/user/dtj20/home/signals/NUANCE_SIGNALS/all/P1_1089-134686-0004.wav, -39.11786600420869, -41.43075563745506, -46.49131962975667, -45.93642160441712, -41.345012262187424, -38.72749137353139, -37.34774854265347
/rds/general/user/dtj20/home/signals/NUANCE_SIGNALS/all/P1_1580-141083-0000.wav, -46.16622079716357, -47.67340326345992, -50.56681300829172, -49.02754025889776, -46.46546009004166, -45.642522258190034, -45.18991293640469
/rds/general/user/dtj20/home/signals/NUANCE_SIGNALS/all/P2_3575-170457-0001.wav, -32.05895250732428, -33.91707607651178, -36.181515827050596, -37.37258092329039, -35.95070196883985, -34.54103066277039, -33.41792236330007
/rds/general/user/dtj20/home/signals/NUANCE_SIGNALS/all/D1_3575-170457-0020.wav, -40.161156797555016, -42.075562003576806, -45.390328790502295, -44.917883995213415, -40.96741495658364, -38.28055562048025, -37.387646141108114
/rds/general/user/dtj20/home/signals/NUANCE_SIGNALS/all/P1_2300-131720-0005.wav, -36.96814580059726, -39.57245371593108, -43.586418452390205, -41.31882032489912, -37.60926783438018, -35.31196617217703, -34.10522685016555
/rds/general/user/dtj20/home/signals/NUANCE_SIGNALS/all/D2_1580-141083-0013.wav, -37.11604360234731, -38.228703176817305, -42.45804663413084, -44.559407951674224, -41.243534273441746, -39.6755477070625, -40.389593180581585
/rds/general/user/dtj20/home/signals/NUANCE_SIGNALS/all/P1_3575-170457-0013.wav, -41.49193941251215, -43.494917343431176, -46.93837247157458, -44.882498525091975, -42.103674841096115, -40.93293179548585, -39.95019139572835
/rds/general/user/dtj20/home/signals/NUANCE_SIGNALS/all/D2_1580-141083-0008.wav, -40.725305973092524, -42.476705462165434, -46.81812455488733, -48.31827049086808, -45.00181157659375, -43.523658948245306, -43.38935628239463
/rds/general/user/dtj20/home/signals/NUANCE_SIGNALS/all/P2_1995-1826-0017.wav, -38.53232532717787, -41.56916618575339, -41.51226862854781, -42.325316020182065, -41.895350329220676, -41.14724010062395, -39.146482756485604
/rds/general/user/dtj20/home/signals/NUANCE_SIGNALS/all/P2_1580-141083-0008.wav, -37.8357248764696, -39.32450123760043, -41.8006627789385, -44.23803773859503, -41.66349157993626, -40.31882609453029, -40.161351748029176
/rds/general/user/dtj20/home/signals/NUANCE_SIGNALS/all/D2_3575-170457-0020.wav, -37.29035985444855, -39.06063253365635, -42.82722166577409, -45.472220471309754, -42.95864826284391, -40.85747936134146, -39.630780429209906
/rds/general/user/dtj20/home/signals/NUANCE_SIGNALS/all/D2_2300-131720-0008.wav, -38.583191512138725, -40.44735830596808, -44.684565950290114, -46.80979662607956, -44.614429018032936, -42.516000210552065, -41.26093706332044
/rds/general/user/dtj20/home/signals/NUANCE_SIGNALS/all/P2_1995-1826-0015.wav, -36.7480073423325, -38.38879719777176, -40.113239464953914, -43.44283171099149, -41.27820275859417, -40.352604179590784, -39.03844027167607
/rds/general/user/dtj20/home/signals/NUANCE_SIGNALS/all/P2_2300-131720-0014.wav, -36.54761822207785, -38.500341642533, -39.70124644611947, -42.597885375134474, -40.98485707268188, -39.7361495272047, -38.002325911962416
/rds/general/user/dtj20/home/signals/NUANCE_SIGNALS/all/P2_121-121726-0009.wav, -36.86368573227383, -38.19462975190482, -40.63484547746437, -44.48264811043846, -41.15481989205569, -39.31485318935388, -38.38801007635538
/rds/general/user/dtj20/home/signals/NUANCE_SIGNALS/all/P2_3570-5694-0004.wav, -38.730253988777505, -39.870779056068514, -41.740172969112606, -44.543700722868316, -42.879571774413634, -40.72387906155515, -39.40443565703644
/rds/general/user/dtj20/home/signals/NUANCE_SIGNALS/all/D1_1089-134686-0004.wav, -40.30487558865329, -43.03221142307733, -46.84439831619273, -45.46502356987027, -41.1039898458132, -38.515602810648666, -37.23925490397904
/rds/general/user/dtj20/home/signals/NUANCE_SIGNALS/all/P2_237-126133-0008.wav, -42.12616879733274, -43.21893008411145, -46.84031970385324, -48.23415181805417, -44.02920299229148, -42.46649657723647, -42.03970979740941
/rds/general/user/dtj20/home/signals/NUANCE_SIGNALS/all/D2_1995-1826-0000.wav, -38.81885473820723, -40.73802029724099, -43.068997526127774, -45.32175091950737, -43.90116861118349, -42.36491097240099, -40.5511743381679
/rds/general/user/dtj20/home/signals/NUANCE_SIGNALS/all/P2_1580-141083-0000.wav, -41.39106864860836, -42.66092762137699, -44.28297776489161, -46.630603492002045, -44.354159964967764, -42.44753619100951, -41.699673916145194
/rds/general/user/dtj20/home/signals/NUANCE_SIGNALS/all/D2_3575-170457-0001.wav, -37.30869520721762, -37.65378704745073, -40.12761356220585, -42.32095404737859, -40.584828767190956, -38.474055969463535, -37.80958770198018
/rds/general/user/dtj20/home/signals/NUANCE_SIGNALS/all/D1_121-121726-0004.wav, -44.12181678622954, -46.01154170313641, -49.196223916027506, -47.45828616334557, -44.19814471185089, -42.232770997055155, -41.66887427123869
/rds/general/user/dtj20/home/signals/NUANCE_SIGNALS/all/D1_1995-1826-0021.wav, -41.27205454107241, -43.60420636050395, -45.899050589239565, -43.69508885584396, -42.547945296026796, -39.91338581612846, -38.454155841767864
/rds/general/user/dtj20/home/signals/NUANCE_SIGNALS/all/P1_3570-5694-0005.wav, -42.68463100821659, -44.910123176738864, -49.194646885833066, -47.165168510691316, -42.797860588385035, -40.784225680886365, -39.47232502676699
/rds/general/user/dtj20/home/signals/NUANCE_SIGNALS/all/D2_1284-1180-0017.wav, -40.741610266056185, -42.80801218360374, -47.5895062728048, -49.308716761565904, -45.302900510592806, -42.6436146152961, -40.97843959370577
/rds/general/user/dtj20/home/signals/NUANCE_SIGNALS/all/P2_1995-1826-0000.wav, -36.70453666240492, -39.5182891391198, -40.99426227223663, -45.23618977936127, -43.069794735015606, -41.390993566704736, -39.58240912710028
/rds/general/user/dtj20/home/signals/NUANCE_SIGNALS/all/D1_1089-134686-0016.wav, -45.78903072637247, -46.84828110374957, -47.87071107807225, -47.257269138140444, -45.01398144715977, -43.49012627545391, -41.810936665541725
/rds/general/user/dtj20/home/signals/NUANCE_SIGNALS/all/P1_1320-122612-0013.wav, -43.518996774255854, -45.107837128408185, -48.741283052047336, -46.49601004899771, -43.01314309671884, -41.3653783863778, -40.366375713960814
/rds/general/user/dtj20/home/signals/NUANCE_SIGNALS/all/P2_1089-134686-0016.wav, -41.08369810994374, -42.70782488567923, -45.3263209501253, -48.79609940257366, -44.75041318918177, -42.9546649884346, -42.25315525231339
/rds/general/user/dtj20/home/signals/NUANCE_SIGNALS/all/D1_1320-122612-0001.wav, -38.67191418365807, -41.06667484254957, -43.31820555056862, -43.02450504400974, -41.23654022832268, -38.99124380140711, -37.85855995914637
/rds/general/user/dtj20/home/signals/NUANCE_SIGNALS/all/P1_121-121726-0000.wav, -41.620637637734134, -44.10065934592641, -47.22456203831405, -46.20416565908833, -42.83446630369333, -41.18619564565896, -40.222194802125415
/rds/general/user/dtj20/home/signals/NUANCE_SIGNALS/all/D1_121-121726-0007.wav, -44.16648415847595, -45.94449062071523, -49.29445879461842, -47.94196856684974, -45.21132987153187, -43.21751188289353, -42.352978399992864
/rds/general/user/dtj20/home/signals/NUANCE_SIGNALS/all/P2_1089-134686-0022.wav, -36.54089307587824, -38.85440904112868, -41.93266912986391, -45.201941609190044, -41.876597467423046, -39.38526904068565, -38.16592065330397
/rds/general/user/dtj20/home/signals/NUANCE_SIGNALS/all/D1_237-126133-0008.wav, -46.7995324359119, -48.064307530411696, -51.50446461057762, -50.94753558804391, -47.344763689535256, -44.842795727554325, -44.024809823546256
/rds/general/user/dtj20/home/signals/NUANCE_SIGNALS/all/P1_3575-170457-0020.wav, -40.47753140637393, -42.83824472149288, -47.078730062305276, -45.666613399347895, -41.56215034191096, -39.35359722440726, -38.35604679600709
/rds/general/user/dtj20/home/signals/NUANCE_SIGNALS/all/D2_121-121726-0004.wav, -41.6456976507078, -42.95823161615758, -46.96434567151984, -48.563137490248884, -45.34948504704644, -43.38353704377603, -43.30860473688705
/rds/general/user/dtj20/home/signals/NUANCE_SIGNALS/all/D2_3570-5694-0011.wav, -37.96886578946652, -39.899958713045535, -44.89891323947908, -48.06742232273841, -44.91355596519897, -42.018778986993865, -40.405768911115736
/rds/general/user/dtj20/home/signals/NUANCE_SIGNALS/all/D2_1320-122612-0009.wav, -38.18082889492436, -40.47450991069483, -43.12269731524178, -44.54600212750698, -42.81116216553265, -41.06756083319044, -39.87409932479261
/rds/general/user/dtj20/home/signals/NUANCE_SIGNALS/all/D2_121-121726-0007.wav, -40.971957090857444, -42.36237904486781, -46.98585675326049, -48.99904238139746, -45.85542111791587, -44.5148572163213, -43.80389495847828
/rds/general/user/dtj20/home/signals/NUANCE_SIGNALS/all/D1_3570-5694-0004.wav, -43.71927629139605, -45.2529431409115, -48.65949970158469, -47.82030117837838, -44.35695367578896, -42.764370367731615, -41.39703615180255
/rds/general/user/dtj20/home/signals/NUANCE_SIGNALS/all/D2_1284-1180-0001.wav, -39.86758166960543, -42.07140459642719, -46.6740375950796, -48.54492129794704, -44.39439527548878, -41.75112839533817, -40.19418405333837
/rds/general/user/dtj20/home/signals/NUANCE_SIGNALS/all/P1_3570-5694-0012.wav, -40.95532529639393, -43.19657557334593, -47.52229311930792, -45.36982935635827, -43.085557786170206, -40.03778636714593, -38.71909785752688
/rds/general/user/dtj20/home/signals/NUANCE_SIGNALS/all/D1_1995-1826-0017.wav, -40.874059376790484, -41.28579528228543, -43.1249218221886, -43.94784920724326, -42.66247124462489, -40.11042120299771, -39.17291424273793
/rds/general/user/dtj20/home/signals/NUANCE_SIGNALS/all/D1_2300-131720-0005.wav, -37.89482848426462, -40.22687820262149, -43.66974323529627, -41.9278562760349, -38.57866702957661, -36.51811454941025, -34.787311337406486
/rds/general/user/dtj20/home/signals/NUANCE_SIGNALS/all/P2_121-121726-0000.wav, -36.44888181486837, -38.049296286093835, -39.91496473140781, -42.96666204877631, -40.303783479594735, -38.207201407139934, -37.32414077358176
/rds/general/user/dtj20/home/signals/NUANCE_SIGNALS/all/P1_1995-1826-0015.wav, -42.38812431293077, -44.07717416821662, -47.948943272566204, -45.19654156834342, -42.43474803565461, -40.29408644719805, -39.611680932870286
/rds/general/user/dtj20/home/signals/NUANCE_SIGNALS/all/P1_3575-170457-0000.wav, -38.84828194755628, -41.24293026778353, -45.85528394138577, -44.437153604686266, -40.74251364230424, -38.498949861243034, -37.50846308895677
/rds/general/user/dtj20/home/signals/NUANCE_SIGNALS/all/P2_3570-5694-0014.wav, -35.530704467177436, -37.28512628648049, -40.125124807509074, -43.99371631434329, -40.58898570085621, -38.311719335543714, -36.87417779843768
/rds/general/user/dtj20/home/signals/NUANCE_SIGNALS/all/P2_1089-134686-0004.wav, -34.250412841856345, -35.834561741455346, -38.95666233137855, -40.75315053289693, -37.54305982476112, -36.63616639431327, -35.31245166034162
/rds/general/user/dtj20/home/signals/NUANCE_SIGNALS/all/P1_1284-1180-0014.wav, -39.71352576918133, -41.41820911719749, -46.47386527892782, -43.20656746777022, -39.9251331164217, -37.65334889324331, -36.30048072654639
/rds/general/user/dtj20/home/signals/NUANCE_SIGNALS/all/D2_237-126133-0006.wav, -42.546204117818206, -44.898918935740646, -49.86700281162433, -49.92661313690103, -46.3801425321386, -44.53170239139404, -43.718720027752354
/rds/general/user/dtj20/home/signals/NUANCE_SIGNALS/all/D1_1580-141083-0013.wav, -41.05382056706851, -43.22269860123201, -45.1360262089476, -44.7787726319753, -40.89348214071889, -38.25894816519685, -37.03068128915535
/rds/general/user/dtj20/home/signals/NUANCE_SIGNALS/all/D2_3570-5694-0014.wav, -38.01697167698683, -40.18300529972656, -44.512294888302215, -44.58886870510483, -42.43591626766963, -40.25218106035538, -38.9092365641835
/rds/general/user/dtj20/home/signals/NUANCE_SIGNALS/all/D1_3575-170457-0008.wav, -41.38003331935336, -43.96667289152393, -47.27334873355534, -45.08329452259772, -42.047616632231595, -39.68204719233275, -38.355774189437874
/rds/general/user/dtj20/home/signals/NUANCE_SIGNALS/all/P1_237-126133-0006.wav, -42.851515415878865, -44.772973654904575, -49.29030341018141, -48.33179461081432, -44.05128281677407, -41.86625902315906, -41.336983225526545
/rds/general/user/dtj20/home/signals/NUANCE_SIGNALS/all/P1_1320-122612-0012.wav, -43.8291028432689, -45.70598933450732, -49.324432667124626, -47.32318531185509, -44.54719568764681, -42.92987919975503, -41.97697784989178
/rds/general/user/dtj20/home/signals/NUANCE_SIGNALS/all/D2_1320-122612-0016.wav, -41.85797686692905, -43.09353669581167, -46.552441137682166, -48.85777485502029, -46.90832947743328, -44.69624462926919, -43.56859530395927
/rds/general/user/dtj20/home/signals/NUANCE_SIGNALS/all/D2_237-126133-0000.wav, -42.60945732031523, -45.01641481810346, -49.95091562387182, -50.40592661594373, -46.760524280903, -44.84122293707773, -44.16854505356619
/rds/general/user/dtj20/home/signals/NUANCE_SIGNALS/all/D2_3575-170457-0000.wav, -37.39986720671631, -39.586607732123525, -43.13445307088617, -44.637787623309315, -41.60722324841265, -39.50382943789468, -38.340092588153794
/rds/general/user/dtj20/home/signals/NUANCE_SIGNALS/all/D1_3570-5694-0014.wav, -40.478665220942204, -43.33852261504912, -44.54073389294592, -45.28489463064843, -41.134236370347814, -39.725476874895264, -38.01316945805398
/rds/general/user/dtj20/home/signals/NUANCE_SIGNALS/all/D2_121-121726-0003.wav, -39.54604997193947, -41.11257490355242, -45.312911958905104, -45.875270376114884, -42.660476091691706, -41.14430870708625, -40.85500304111651
/rds/general/user/dtj20/home/signals/NUANCE_SIGNALS/all/D1_1284-1180-0011.wav, -34.82896951337937, -36.527596468008284, -38.995260996225085, -38.42615329415308, -35.46877121802664, -34.30070343616552, -32.88808811639147
/rds/general/user/dtj20/home/signals/NUANCE_SIGNALS/all/D1_1320-122612-0012.wav, -44.089485302596316, -46.35599897999359, -49.186577874820465, -47.162823346030564, -43.96374254931136, -42.31111856948914, -41.037687024119826
/rds/general/user/dtj20/home/signals/NUANCE_SIGNALS/all/P1_121-121726-0003.wav, -40.69627016572643, -42.43707068934328, -46.85275600345182, -45.975382520953886, -42.571244523001695, -40.44767801696472, -39.397843500406324
/rds/general/user/dtj20/home/signals/NUANCE_SIGNALS/all/D2_3570-5694-0004.wav, -40.12249196553598, -41.70258001813828, -46.059698786603455, -48.09788442781844, -44.412794254597486, -43.393277338152416, -42.36086336785676
/rds/general/user/dtj20/home/signals/NUANCE_SIGNALS/all/D2_1089-134686-0008.wav, -43.227236630983576, -45.419858561431894, -49.36630728795174, -51.131612986126875, -48.24074695335874, -45.709700905609324, -44.39142096185417
/rds/general/user/dtj20/home/signals/NUANCE_SIGNALS/all/D1_2300-131720-0013.wav, -39.121084973256316, -40.92628720330108, -44.8279244524036, -43.772682989820275, -39.776675694168986, -37.939049856996945, -36.77385040055598
/rds/general/user/dtj20/home/signals/NUANCE_SIGNALS/all/D1_3575-170457-0013.wav, -42.25994866025151, -41.81153621970759, -45.24124646265679, -41.2769672915007, -41.04424778492025, -40.056675430125495, -38.31885358776184
/rds/general/user/dtj20/home/signals/NUANCE_SIGNALS/all/D2_1995-1826-0021.wav, -37.50698217073328, -39.26022905411426, -43.13037432602891, -48.02657891285624, -44.714034443450714, -42.36356039769086, -41.1669747227007
/rds/general/user/dtj20/home/signals/NUANCE_SIGNALS/all/D1_3570-5694-0011.wav, -43.24816976686194, -45.15588059522189, -49.26550777864347, -46.520522446456845, -42.89507180715353, -40.61520626622584, -39.01147465102958
/rds/general/user/dtj20/home/signals/NUANCE_SIGNALS/all/P2_2300-131720-0005.wav, -31.852088185259756, -33.78741675509653, -37.382803244841554, -40.40665371267514, -36.956028442969505, -34.499672966618824, -32.828754146948036
/rds/general/user/dtj20/home/signals/NUANCE_SIGNALS/all/P1_121-121726-0007.wav, -43.131883576024784, -44.96818248227924, -48.932820944812335, -47.01957184910054, -43.8076093419881, -42.432739666602465, -41.694453543632434
/rds/general/user/dtj20/home/signals/NUANCE_SIGNALS/all/P1_1089-134686-0008.wav, -44.4800411211778, -46.751370455233705, -50.55261997023131, -49.40590737438156, -45.71765281603578, -43.743876991132716, -42.562722277313625
/rds/general/user/dtj20/home/signals/NUANCE_SIGNALS/all/P2_3570-5694-0011.wav, -37.820188272739244, -39.255748678313594, -41.69621123157398, -45.7997025596236, -42.24873690051445, -39.9922551080134, -38.46563219171819
/rds/general/user/dtj20/home/signals/NUANCE_SIGNALS/all/P2_1284-1180-0003.wav, -35.39686001911418, -37.54771505471326, -38.394145928068504, -41.378875916793874, -38.80815977629173, -37.15913266596739, -34.89011117745858
/rds/general/user/dtj20/home/signals/NUANCE_SIGNALS/all/P1_1284-1180-0001.wav, -38.20841141529722, -41.04921728350094, -46.19969939570399, -46.23225469006768, -41.65474899456531, -38.92606545113852, -37.31430396709124
/rds/general/user/dtj20/home/signals/NUANCE_SIGNALS/all/D2_1284-1180-0014.wav, -39.28411609884388, -42.26202208630754, -44.29154483632856, -45.427877727231156, -44.183788819237044, -40.349728105270735, -38.01070837428447
/rds/general/user/dtj20/home/signals/NUANCE_SIGNALS/all/D2_237-126133-0001.wav, -42.973845223491544, -45.22087887821358, -50.38598720960187, -51.22925866003768, -47.39833121694257, -45.34395207442661, -44.909430111484966
/rds/general/user/dtj20/home/signals/NUANCE_SIGNALS/all/P1_1995-1826-0009.wav, -41.93700567571268, -43.876623510092784, -47.61450688531849, -44.01594738578755, -41.91962375928409, -40.904749110994764, -39.90180127538497
/rds/general/user/dtj20/home/signals/NUANCE_SIGNALS/all/P2_3570-5694-0012.wav, -36.206629341812224, -38.58035847197938, -41.063316017052465, -42.13898525386568, -39.05014048699802, -35.087457428422184, -34.2366606856409
/rds/general/user/dtj20/home/signals/NUANCE_SIGNALS/all/P2_2300-131720-0013.wav, -34.24770551028431, -35.78356386994573, -38.83813995630809, -42.80677893624289, -39.34405410565837, -37.22284704751783, -35.769692000388275
/rds/general/user/dtj20/home/signals/NUANCE_SIGNALS/all/P2_1284-1180-0017.wav, -36.05676750273189, -37.997919579827, -40.85358654727478, -43.6149821276063, -39.30114543510892, -37.08941824474542, -35.71378019911277
/rds/general/user/dtj20/home/signals/NUANCE_SIGNALS/all/P2_1995-1826-0009.wav, -36.455187992907724, -38.36553576514471, -38.908733021053415, -44.24124309231921, -42.26410074611334, -40.251373920302285, -38.972687102018206
/rds/general/user/dtj20/home/signals/NUANCE_SIGNALS/all/D1_2300-131720-0008.wav, -42.184453402304186, -44.25840159936467, -46.685887364639456, -45.475774184062374, -41.836373772692596, -40.605554824611296, -39.36051076614003
/rds/general/user/dtj20/home/signals/NUANCE_SIGNALS/all/D2_1320-122612-0001.wav, -36.96628091735355, -38.158603415968734, -41.52700578572643, -44.666742454513894, -42.523780944356744, -40.50671778785741, -39.716380950019726
/rds/general/user/dtj20/home/signals/NUANCE_SIGNALS/all/P1_1580-141083-0013.wav, -36.25669087610585, -38.625835611882955, -42.0196271545196, -43.1068702072978, -39.52306026545466, -38.00388155172107, -37.3015328667495
/rds/general/user/dtj20/home/signals/NUANCE_SIGNALS/all/P1_1284-1180-0017.wav, -38.87046589825151, -41.649669858651194, -46.84381642659844, -45.464748620901496, -41.30990374835747, -38.67507726940898, -37.183119798109686
/rds/general/user/dtj20/home/signals/NUANCE_SIGNALS/all/P2_1580-141083-0013.wav, -34.87877752215122, -35.94854887442359, -39.29413274580709, -39.140229987926475, -35.160230521423145, -32.91314384415764, -32.46583663480657
/rds/general/user/dtj20/home/signals/NUANCE_SIGNALS/all/P2_121-121726-0003.wav, -36.32484476959048, -37.756319538279364, -40.05467657181861, -41.71264668093918, -39.89362579143941, -38.548619931198445, -37.88541237193921
/rds/general/user/dtj20/home/signals/NUANCE_SIGNALS/all/P2_237-126133-0000.wav, -40.543567548346616, -41.75662780733823, -45.76023333115954, -47.367642539594435, -43.94244372717151, -42.24015845386105, -41.314681451439455
/rds/general/user/dtj20/home/signals/NUANCE_SIGNALS/all/D2_237-126133-0008.wav, -45.02453076328736, -47.14363180647136, -51.4244504480774, -52.2578497138381, -48.29863656904508, -46.1735021096377, -45.61929484157556
/rds/general/user/dtj20/home/signals/NUANCE_SIGNALS/all/D1_1284-1180-0017.wav, -41.74454914260936, -44.14826183524585, -48.7219042481978, -47.47725124495507, -43.48634235136983, -40.64706679842669, -39.08180548295493
/rds/general/user/dtj20/home/signals/NUANCE_SIGNALS/all/P1_2300-131720-0008.wav, -41.162550287511735, -43.31517654328026, -47.11864148956563, -45.310243570455135, -41.104652533503696, -39.28223099733952, -37.94840245613783
/rds/general/user/dtj20/home/signals/NUANCE_SIGNALS/all/P2_1284-1180-0001.wav, -34.45503123109633, -36.32277595854291, -40.02980795853718, -41.53368246304578, -37.663576205580284, -35.33980869938519, -34.20702887820215
/rds/general/user/dtj20/home/signals/NUANCE_SIGNALS/all/P1_3570-5694-0014.wav, -40.223091464402756, -43.03663952428552, -46.63550215540632, -45.555276181264894, -41.95263721949105, -39.55674109047929, -38.029910056662054
/rds/general/user/dtj20/home/signals/NUANCE_SIGNALS/all/D1_1284-1180-0001.wav, -40.762683357603755, -43.3721516046338, -47.32166791637855, -46.224389613078635, -41.37844522996509, -38.24469643031846, -36.54449472410105
/rds/general/user/dtj20/home/signals/NUANCE_SIGNALS/all/P1_121-121726-0004.wav, -42.26140507849051, -44.11778472739328, -48.44669099364246, -46.70680175181139, -43.630239836158125, -41.56248276365457, -40.468610950516826
/rds/general/user/dtj20/home/signals/NUANCE_SIGNALS/all/D1_237-126133-0007.wav, -43.76807815368938, -45.80712614209965, -50.248345416079246, -48.52911591257316, -43.916660071120894, -41.72751219607166, -40.73157729336626
/rds/general/user/dtj20/home/signals/NUANCE_SIGNALS/all/D1_1089-134686-0000.wav, -43.24389037553991, -45.33351339368167, -47.67772278140319, -46.73951424792322, -44.08778364813703, -42.109630008671914, -41.037553283490766
/rds/general/user/dtj20/home/signals/NUANCE_SIGNALS/all/P1_1995-1826-0000.wav, -40.785946264701906, -43.7783233146851, -46.62710646844005, -45.515043516084134, -42.03958952153201, -39.5188651969483, -37.897957865451325
/rds/general/user/dtj20/home/signals/NUANCE_SIGNALS/all/P1_1089-134686-0016.wav, -45.30654030267772, -47.55519818559682, -49.703082954842024, -48.41409190903255, -46.537319017933655, -43.99097410274084, -43.020066362592
/rds/general/user/dtj20/home/signals/NUANCE_SIGNALS/all/P1_1284-1180-0011.wav, -34.416095835510234, -37.08624992570385, -41.14590250286298, -40.60567235435727, -36.987628278694345, -34.724290806156574, -33.35649926408352
/rds/general/user/dtj20/home/signals/NUANCE_SIGNALS/all/P2_237-126133-0001.wav, -41.31727439061065, -42.68148309446094, -46.45146777518284, -48.07165495913485, -44.52837159869002, -42.7990553434026, -42.005702515884984
/rds/general/user/dtj20/home/signals/NUANCE_SIGNALS/all/D2_121-121726-0009.wav, -41.28006900179614, -43.264712383308925, -47.637797081910946, -49.47188233176314, -45.89737267577709, -44.18447510062035, -43.479716963998555
/rds/general/user/dtj20/home/signals/NUANCE_SIGNALS/all/D1_121-121726-0003.wav, -41.199490325883176, -43.60456963442112, -46.72154774747909, -44.94227343849989, -41.941649486731556, -39.516421441128756, -38.51684585573302
/rds/general/user/dtj20/home/signals/NUANCE_SIGNALS/all/D1_3575-170457-0001.wav, -37.43979878918326, -39.89531863004241, -39.3332615972452, -40.247293992831565, -38.715949352606565, -36.508782327243004, -35.57688485231478
/rds/general/user/dtj20/home/signals/NUANCE_SIGNALS/all/P2_1284-1180-0011.wav, -29.44816192756669, -30.94894994475958, -34.03674357991893, -36.74783430205157, -33.82148901410528, -31.685577791946045, -30.204355406803597
/rds/general/user/dtj20/home/signals/NUANCE_SIGNALS/all/P1_1320-122612-0001.wav, -38.34906726602439, -39.793869188244976, -43.2702002452691, -40.53872006381175, -37.841858689417705, -36.59859786783549, -35.56073112501452
/rds/general/user/dtj20/home/signals/NUANCE_SIGNALS/all/D1_237-126133-0000.wav, -44.373379043721464, -46.70162854652964, -51.381328742498276, -49.84780702288976, -45.60324334061416, -43.05337163433161, -41.84604299040497
/rds/general/user/dtj20/home/signals/NUANCE_SIGNALS/all/P2_3575-170457-0020.wav, -35.30716496235707, -37.391980816173366, -40.63472616065816, -42.43951521666226, -38.99086497732999, -36.93022374367375, -36.10531511578094
/rds/general/user/dtj20/home/signals/NUANCE_SIGNALS/all/D2_2300-131720-0016.wav, -36.21208496741678, -38.2352644522933, -43.06080111397819, -45.868537413482926, -41.852570461653194, -39.90323178957913, -38.71605715364025
/rds/general/user/dtj20/home/signals/NUANCE_SIGNALS/all/D2_1995-1826-0009.wav, -38.37611324978417, -39.71856180750167, -43.485926578424106, -45.59088587003942, -43.31922433446539, -41.30957432266922, -39.78327678132102
/rds/general/user/dtj20/home/signals/NUANCE_SIGNALS/all/D2_3570-5694-0005.wav, -41.06320026267545, -42.79649565388246, -47.094707032828325, -50.79132522144948, -46.91309375530344, -44.1104988797853, -42.72809810436996
/rds/general/user/dtj20/home/signals/NUANCE_SIGNALS/all/P1_1995-1826-0021.wav, -41.651770396213045, -44.10008333099925, -46.291172289636116, -43.28167333771183, -40.72826218124724, -39.102629768738396, -37.469042703389995
/rds/general/user/dtj20/home/signals/NUANCE_SIGNALS/all/P1_237-126133-0000.wav, -43.68453833918637, -45.757668848787574, -50.72159660734448, -50.20929676066444, -46.03994405484051, -43.86945949048168, -43.21448366893124
/rds/general/user/dtj20/home/signals/NUANCE_SIGNALS/all/D2_2300-131720-0014.wav, -38.46587756331969, -39.69687084711048, -44.54607818895602, -46.80834852539711, -43.79266682095271, -42.31812284725251, -41.294717921248996
/rds/general/user/dtj20/home/signals/NUANCE_SIGNALS/all/D1_1580-141083-0008.wav, -39.99615438916307, -42.50052347567654, -47.35111047799607, -45.57855685185864, -41.59439622659532, -39.50331636489034, -39.09327804814951
/rds/general/user/dtj20/home/signals/NUANCE_SIGNALS/all/P1_237-126133-0007.wav, -42.568015760703126, -44.7116275954038, -49.55042829319197, -48.66735142184204, -44.21644043371664, -41.78920990495822, -41.13132139380218
/rds/general/user/dtj20/home/signals/NUANCE_SIGNALS/all/D2_1580-141083-0014.wav, -39.88577932582992, -41.75838166726258, -45.76494479062368, -46.43106675452905, -43.47759372278655, -42.54804914143472, -42.38912128707267
/rds/general/user/dtj20/home/signals/NUANCE_SIGNALS/all/P1_1089-134686-0022.wav, -42.23332546371637, -44.59184334393803, -49.065744114709574, -47.838200209017074, -43.8763899867757, -41.415928012730404, -39.97944191515724
/rds/general/user/dtj20/home/signals/NUANCE_SIGNALS/all/D2_1320-122612-0012.wav, -40.04796321224285, -41.76191860951673, -45.96852689843526, -49.77162371739035, -46.58858686413126, -44.997360973207456, -44.15660773327154
/rds/general/user/dtj20/home/signals/NUANCE_SIGNALS/all/P1_2300-131720-0013.wav, -39.75737357047551, -41.71619591890183, -46.755334082456734, -44.09725935690596, -40.17034704741123, -38.01280880431128, -36.7620030663076
/rds/general/user/dtj20/home/signals/NUANCE_SIGNALS/all/D1_237-126133-0001.wav, -44.792524038943796, -47.29123743765598, -51.71987608404152, -50.04440204251394, -45.6293401525081, -43.19464001608297, -41.978043324874406
/rds/general/user/dtj20/home/signals/NUANCE_SIGNALS/all/P1_1580-141083-0014.wav, -41.033460955130295, -42.77238364555178, -46.339166283032036, -44.4310949662188, -41.41172650274508, -40.34103035933712, -39.79065913894622
/rds/general/user/dtj20/home/signals/NUANCE_SIGNALS/all/D2_1580-141083-0004.wav, -43.426984920205484, -44.583572879478545, -48.24487663559978, -50.87106426742852, -48.14736520386007, -46.728066546403575, -46.23119379801309
/rds/general/user/dtj20/home/signals/NUANCE_SIGNALS/all/P2_3575-170457-0013.wav, -37.02511177211533, -39.431491603601415, -40.66055308922618, -44.01202618421181, -40.622097207485595, -38.04632793638316, -37.770787890000655
/rds/general/user/dtj20/home/signals/NUANCE_SIGNALS/all/P1_3575-170457-0008.wav, -42.03100987899297, -44.43697620297961, -48.63958684163708, -47.11771687077135, -43.78356672171122, -41.72417542029547, -40.42225510921043
/rds/general/user/dtj20/home/signals/NUANCE_SIGNALS/all/D1_1320-122612-0013.wav, -44.8504316463315, -46.77270647606739, -49.354327837459266, -47.937841620854904, -44.85996236293482, -43.26361673249663, -41.43701029874174
/rds/general/user/dtj20/home/signals/NUANCE_SIGNALS/all/P2_1995-1826-0021.wav, -37.03288552878112, -39.245955617446974, -40.639477752097015, -45.98824298278732, -42.96826503735589, -40.263929139981016, -39.05418428505013
/rds/general/user/dtj20/home/signals/NUANCE_SIGNALS/all/P2_1320-122612-0001.wav, -34.64371696868658, -36.93708814158257, -38.096746173134306, -42.542623376868264, -40.4960735886973, -38.28079324121708, -36.70021501602426
/rds/general/user/dtj20/home/signals/NUANCE_SIGNALS/all/P2_121-121726-0004.wav, -38.574426205402304, -38.90638757671167, -41.466496623976454, -44.60864442755864, -42.193845181376794, -41.08574418091398, -39.57559750216373
/rds/general/user/dtj20/home/signals/NUANCE_SIGNALS/all/D1_2300-131720-0016.wav, -38.855862498900116, -41.32618513346563, -45.23021492949483, -43.81057807091218, -39.93676445334043, -37.60244636919642, -36.17957495018296
/rds/general/user/dtj20/home/signals/NUANCE_SIGNALS/all/P1_1320-122612-0009.wav, -40.471671669152585, -42.223341174067315, -44.95166650247793, -43.50786608118333, -40.87913339453194, -38.64013794962094, -37.62407819367256
/rds/general/user/dtj20/home/signals/NUANCE_SIGNALS/all/D2_1995-1826-0017.wav, -40.29605521459611, -41.30123391975893, -44.41142310711358, -47.37043310534272, -44.57937231684261, -42.53246725051025, -40.489939475102545
/rds/general/user/dtj20/home/signals/NUANCE_SIGNALS/all/D1_121-121726-0009.wav, -42.622705351624084, -44.9307004742412, -48.65993896146388, -47.95382821499358, -43.69674895291703, -40.981518130288244, -39.724843484693345
/rds/general/user/dtj20/home/signals/NUANCE_SIGNALS/all/D2_2300-131720-0013.wav, -37.004772095780716, -39.08417800979649, -44.21284291362019, -46.69995983152768, -43.15873934997577, -41.011103530062904, -40.039642626212704
/rds/general/user/dtj20/home/signals/NUANCE_SIGNALS/all/P2_1089-134686-0008.wav, -37.66067714283585, -39.66832427751312, -41.63953224666177, -45.39177001607211, -43.115966373024705, -40.972696118296554, -40.14053310961748
/rds/general/user/dtj20/home/signals/NUANCE_SIGNALS/all/P2_3570-5694-0005.wav, -38.394429723758996, -39.91544126889649, -41.035503090688, -45.6350752322127, -43.15395983368094, -41.706073536232466, -40.508866325252924
/rds/general/user/dtj20/home/signals/NUANCE_SIGNALS/all/D2_1320-122612-0013.wav, -41.10976941853486, -42.699852028028396, -46.74764053342666, -50.511251397309096, -47.04705959860832, -45.49775842539787, -44.60416502754717
/rds/general/user/dtj20/home/signals/NUANCE_SIGNALS/all/P2_3575-170457-0008.wav, -37.144551870625726, -39.64541749724415, -41.17755615499984, -44.33334588006851, -41.23181518613791, -38.6789767780754, -37.338607960094386
/rds/general/user/dtj20/home/signals/NUANCE_SIGNALS/all/D2_3570-5694-0012.wav, -38.242406797657466, -40.696433351303476, -43.11667249701186, -44.86600993770659, -43.18570627629627, -42.215747549014395, -40.971084687631375
/rds/general/user/dtj20/home/signals/NUANCE_SIGNALS/all/D1_237-126133-0006.wav, -44.17875203012508, -46.32989951434939, -50.12756717617418, -48.62144857962939, -44.206414507799394, -42.12044916153712, -41.44021406158871
/rds/general/user/dtj20/home/signals/NUANCE_SIGNALS/all/D2_237-126133-0007.wav, -41.874323046739015, -44.23799610181632, -49.37645888306868, -50.01605765172364, -46.052111878614056, -44.13433241503632, -43.6196128031842
/rds/general/user/dtj20/home/signals/NUANCE_SIGNALS/all/P1_3570-5694-0011.wav, -41.26105370135835, -43.82710549578591, -44.838974921012536, -44.98559818682084, -40.638756069017305, -39.49450152555825, -38.26200351208824
/rds/general/user/dtj20/home/signals/NUANCE_SIGNALS/all/P2_1320-122612-0012.wav, -39.25900953813519, -41.00565775450981, -43.07465244738596, -46.83118846901409, -44.08349673947544, -42.0108631698625, -40.949896800430295
/rds/general/user/dtj20/home/signals/NUANCE_SIGNALS/all/D1_1580-141083-0000.wav, -46.724415262351414, -47.98349107060231, -50.375105389861936, -48.74026041846484, -47.12745965067406, -45.768501256402836, -44.8659499034938
/rds/general/user/dtj20/home/signals/NUANCE_SIGNALS/all/D2_1089-134686-0022.wav, -40.799925054156354, -42.83124245305161, -47.502087295039686, -50.00153725451377, -45.66119737196914, -43.09679820122732, -41.79586890407702
/rds/general/user/dtj20/home/signals/NUANCE_SIGNALS/all/D1_1995-1826-0000.wav, -41.594548226801386, -43.15428613233729, -43.32154384710128, -42.55421409462495, -42.22594217393773, -39.93125607342227, -39.35868894761106
/rds/general/user/dtj20/home/signals/NUANCE_SIGNALS/all/P2_2300-131720-0016.wav, -33.680887001370515, -35.09696678246578, -38.374736403164164, -42.08459203672522, -38.4224088111472, -36.343851926862804, -35.05397419935552
/rds/general/user/dtj20/home/signals/NUANCE_SIGNALS/all/P1_2300-131720-0016.wav, -38.56630381157086, -40.895681959325856, -46.01956916558102, -44.17884818742895, -39.69719879108544, -37.43620341713885, -36.01490498804138
/rds/general/user/dtj20/home/signals/NUANCE_SIGNALS/all/P1_121-121726-0009.wav, -41.72501964861921, -43.98782003914174, -48.55589531729941, -47.527495048417464, -43.86224500117761, -41.99881964796355, -40.97133404514296
/rds/general/user/dtj20/home/signals/NUANCE_SIGNALS/all/D2_121-121726-0000.wav, -40.29186597447552, -41.86902005683084, -46.37606963096744, -48.619480656739626, -44.92547480798169, -43.10331377333833, -42.47011762011651
/rds/general/user/dtj20/home/signals/NUANCE_SIGNALS/all/P1_1089-134686-0000.wav, -42.10849771078057, -44.66257233824555, -48.62881575707536, -47.41490518118905, -43.546064468567295, -41.14814104577559, -39.87894978330165
