/rds/general/user/dtj20/home/mac/datasets/ace_librispeech/rir1/6313-76958-0007.wav, 49.601219950681255, 46.175160988944825, 49.290821731357994, 41.34727255297534, 52.89074246448587, 48.43508921580537, 67.5077958452305
/rds/general/user/dtj20/home/mac/datasets/ace_librispeech/rir1/8230-279154-0033.wav, 63.17280523423725, 62.866535913772275, 63.233775463256904, 51.84672301890885, 62.185982525889145, 50.95916487665946, 53.244220287719614
/rds/general/user/dtj20/home/mac/datasets/ace_librispeech/rir1/4507-16021-0053.wav, 65.20571942050645, 52.658174603347064, 60.29054149113737, 254.6997902319386, 62.827050311660415, 55.535138761441125, 210.61367821605515
/rds/general/user/dtj20/home/mac/datasets/ace_librispeech/rir1/8224-274384-0000.wav, 55.625163193085314, 47.10848007619053, 59.19216770919878, 48.905798826238154, 63.795523113491484, 58.3577397235229, 53.217911736808986
/rds/general/user/dtj20/home/mac/datasets/ace_librispeech/rir1/2094-142345-0016.wav, 47.093733689489554, 52.75453790585906, 47.8680415560932, 55.0479389286818, 51.31541164421368, 50.90859574316376, 219.2463809660348
/rds/general/user/dtj20/home/mac/datasets/ace_librispeech/rir1/6313-76958-0007.wav, 51.873409151596434, 47.61454124592068, 68.77117056805302, 69.85053179288325, 55.29491586376171, 68.92012410428448, 54.39153952273696
/rds/general/user/dtj20/home/mac/datasets/ace_librispeech/rir1/8230-279154-0033.wav, 59.84142403168272, 67.11341605877202, 63.39213790397875, 63.65351920984595, 55.241676122384156, 133.0951897353267, 60.248525493229295
/rds/general/user/dtj20/home/mac/datasets/ace_librispeech/rir1/4507-16021-0053.wav, 50.58005445583581, 66.65316641591686, 58.016688872791455, 242.7344152925799, 62.10840848490216, 55.842741051267026, 167.37742197375854
/rds/general/user/dtj20/home/mac/datasets/ace_librispeech/rir1/8224-274384-0000.wav, 53.284334960858295, 52.63625266984302, 48.45289295409846, 41.16045633741823, 67.73137846085908, 56.10425802533754, 90.11164372882449
/rds/general/user/dtj20/home/mac/datasets/ace_librispeech/rir1/2094-142345-0016.wav, 46.99213777419932, 42.47453030535069, 49.09674280633016, 47.03125014874906, 50.577646098761164, 46.94264253268958, 216.64633141020929
/rds/general/user/dtj20/home/mac/datasets/ace_librispeech/rir1/6313-76958-0007.wav, 52.46628084444672, 44.67227107952265, 43.750860258415834, 35.97657439090179, 50.22279930750828, 54.79340269272826, 54.10420010023862
/rds/general/user/dtj20/home/mac/datasets/ace_librispeech/rir1/8230-279154-0033.wav, 58.69736888080965, 55.86677512186558, 55.24383686001088, 51.968303807476026, 56.04458648082387, 52.68073452352973, 54.383275704614405
/rds/general/user/dtj20/home/mac/datasets/ace_librispeech/rir1/4507-16021-0053.wav, 50.744497605194596, 54.433524662419956, 91.8916125566377, 244.2072693548566, 56.698522412358166, 65.6897297069981, 212.77988223928838
/rds/general/user/dtj20/home/mac/datasets/ace_librispeech/rir1/8224-274384-0000.wav, 73.0071582064335, 68.4385231549156, 47.94357707266289, 42.20459998848131, 52.905044891330675, 51.470872461567694, 59.47628225439022
/rds/general/user/dtj20/home/mac/datasets/ace_librispeech/rir1/2094-142345-0016.wav, 58.75987997252067, 63.74828472189151, 62.063233451871525, 47.52614568564653, 49.65110164088191, 63.10272902821148, 206.91869321831723
/rds/general/user/dtj20/home/mac/datasets/ace_librispeech/rir1/6313-76958-0007.wav, 42.42904864302349, 50.401277554466375, 55.16459801430631, 48.670462425928996, 48.234358670862406, 50.7593321664062, 55.204158057902006
/rds/general/user/dtj20/home/mac/datasets/ace_librispeech/rir1/8230-279154-0033.wav, 69.5561444807398, 66.80849523010576, 59.04574838167499, 41.96441130733062, 108.82135719448335, 58.154207092169585, 54.27397932227258
/rds/general/user/dtj20/home/mac/datasets/ace_librispeech/rir1/4507-16021-0053.wav, 50.419775751349185, 62.18748921663094, 44.80716743448589, 238.64348092145366, 57.804021804474964, 70.46460606983959, 214.65925972876906
/rds/general/user/dtj20/home/mac/datasets/ace_librispeech/rir1/8224-274384-0000.wav, 48.69507381142006, 55.50389624080069, 47.4473954367114, 68.66932313974922, 47.89706803443707, 52.88602214816532, 64.08670478616735
/rds/general/user/dtj20/home/mac/datasets/ace_librispeech/rir1/2094-142345-0016.wav, 52.88362147001715, 47.76868027684448, 93.93835059282871, 53.65156194566146, 48.05607793854751, 53.28516537766938, 212.52098904891315
/rds/general/user/dtj20/home/mac/datasets/ace_librispeech/rir1/6313-76958-0007.wav, 43.05202401700201, 49.767446792730624, 45.58616584765087, 50.718184449485825, 49.61145169626566, 56.79421728435862, 51.60780079632157
/rds/general/user/dtj20/home/mac/datasets/ace_librispeech/rir1/8230-279154-0033.wav, 55.662247331710326, 69.33500090859725, 53.205129219473875, 44.96574776884281, 60.639735128131335, 49.248330439815305, 65.68155782937157
/rds/general/user/dtj20/home/mac/datasets/ace_librispeech/rir1/4507-16021-0053.wav, 44.712005498504524, 66.15102652325109, 53.123753316456174, 230.83685029610382, 53.21240545205862, 82.9300894653526, 230.947353801335
/rds/general/user/dtj20/home/mac/datasets/ace_librispeech/rir1/8224-274384-0000.wav, 59.17779160733574, 52.14520881073995, 52.755992439920114, 47.62259278772633, 48.50683399966307, 65.08472511738375, 81.4375313376933
/rds/general/user/dtj20/home/mac/datasets/ace_librispeech/rir1/2094-142345-0016.wav, 46.448516119564154, 42.26510025422037, 55.87158863394496, 65.65550019298348, 52.45202967056629, 48.577703144231414, 224.84396960870836
/rds/general/user/dtj20/home/mac/datasets/ace_librispeech/rir1/6313-76958-0007.wav, 50.931785400923594, 56.11445420518236, 49.972361972629436, 57.90226565873237, 47.7337832497468, 51.03996844166108, 55.772255497724416
/rds/general/user/dtj20/home/mac/datasets/ace_librispeech/rir1/8230-279154-0033.wav, 54.62628027774366, 57.49294325947404, 65.59144803390186, 61.16706405395605, 52.032804944411794, 46.674823875699694, 47.189507588518765
/rds/general/user/dtj20/home/mac/datasets/ace_librispeech/rir1/4507-16021-0053.wav, 51.11479409082197, 55.70431412287011, 46.3197955924235, 232.69375184723359, 79.11851265605458, 47.778352394523395, 214.12504463333576
/rds/general/user/dtj20/home/mac/datasets/ace_librispeech/rir1/8224-274384-0000.wav, 100.82223162821504, 61.12859201330899, 72.91057707225335, 73.72281937984023, 64.94303319568188, 62.257155430646506, 55.364441378757114
/rds/general/user/dtj20/home/mac/datasets/ace_librispeech/rir1/2094-142345-0016.wav, 55.72229060470291, 50.21139678139143, 42.5290012316243, 47.53246986333396, 42.877428324168406, 40.84979150790269, 218.59256658763368
/rds/general/user/dtj20/home/mac/datasets/ace_librispeech/rir1/6313-76958-0007.wav, 42.34607462339489, 46.8475464320315, 56.8317097486272, 47.55521009730331, 52.258654710139886, 58.01809432941383, 45.15027067488813
/rds/general/user/dtj20/home/mac/datasets/ace_librispeech/rir1/8230-279154-0033.wav, 68.31243102924039, 67.4528561571583, 52.97969987092681, 60.998379411879846, 52.87139185517595, 91.83875439290453, 52.838074194393265
/rds/general/user/dtj20/home/mac/datasets/ace_librispeech/rir1/4507-16021-0053.wav, 55.99625511685061, 47.429100661827206, 59.64975082142154, 243.1719334849452, 97.94342447063066, 47.1630201637371, 209.1731137941839
/rds/general/user/dtj20/home/mac/datasets/ace_librispeech/rir1/8224-274384-0000.wav, 49.05498236969989, 67.58908727309594, 53.30986463078425, 52.822103593874715, 55.076214699567444, 52.299772802325386, 60.49698802905094
/rds/general/user/dtj20/home/mac/datasets/ace_librispeech/rir1/2094-142345-0016.wav, 42.893596299494455, 42.26486286906119, 53.59869657052934, 66.148894955289, 48.179050059231876, 54.21858172605322, 228.91139615716466
/rds/general/user/dtj20/home/mac/datasets/ace_librispeech/rir1/6313-76958-0007.wav, 45.82101347605288, 49.878565949201565, 43.85276890665057, 46.075039959697925, 72.96792200255435, 45.693677661833185, 42.95778517761776
/rds/general/user/dtj20/home/mac/datasets/ace_librispeech/rir1/8230-279154-0033.wav, 104.72404263128263, 56.13324615673533, 49.07754056144712, 53.10965314550724, 72.67819428756457, 54.31099369053305, 57.555617540318515
/rds/general/user/dtj20/home/mac/datasets/ace_librispeech/rir1/4507-16021-0053.wav, 90.93406026412895, 59.560816404258546, 53.02548833299276, 234.28497625774878, 57.00707217639214, 55.2406861143633, 226.24614363335957
/rds/general/user/dtj20/home/mac/datasets/ace_librispeech/rir1/8224-274384-0000.wav, 54.56642990886763, 53.361746913858816, 57.38411567628424, 63.478671465453864, 63.007842735714206, 58.311940809880475, 69.77707225364865
/rds/general/user/dtj20/home/mac/datasets/ace_librispeech/rir1/2094-142345-0016.wav, 51.073564770766424, 40.284116202215365, 58.02843776756972, 46.40740625775028, 67.74589556203529, 46.64487458593871, 190.99763446571592
/rds/general/user/dtj20/home/mac/datasets/ace_librispeech/rir1/6313-76958-0007.wav, 65.85881672990051, 55.858904509552474, 58.46772096973233, 53.22114445236099, 64.45117246837908, 66.08874419088652, 57.86951477880105
/rds/general/user/dtj20/home/mac/datasets/ace_librispeech/rir1/8230-279154-0033.wav, 76.30451999168349, 50.163687433395516, 59.54668454892492, 43.07255290032033, 61.30599023762223, 55.239404636945, 73.73331133400484
/rds/general/user/dtj20/home/mac/datasets/ace_librispeech/rir1/4507-16021-0053.wav, 63.52311032113498, 57.63705368801921, 55.351895281472466, 257.54944062043813, 58.83298625301621, 87.25353820299738, 206.84143396072022
/rds/general/user/dtj20/home/mac/datasets/ace_librispeech/rir1/8224-274384-0000.wav, 63.60044989321119, 49.320654886843236, 47.45164326926941, 81.95468641825005, 69.09655554682222, 58.58508631559927, 55.60428252552485
/rds/general/user/dtj20/home/mac/datasets/ace_librispeech/rir1/2094-142345-0016.wav, 39.14255557911874, 43.04258010326876, 42.79354882747712, 64.71653051061722, 43.64093185889822, 52.82462161114011, 210.9635100763632
/rds/general/user/dtj20/home/mac/datasets/ace_librispeech/rir1/6313-76958-0007.wav, 56.19884033017952, 62.70680181036245, 44.068913387463425, 63.70933310020922, 51.07242918075127, 45.51904998202658, 52.93442616629888
/rds/general/user/dtj20/home/mac/datasets/ace_librispeech/rir1/8230-279154-0033.wav, 57.6004819117317, 76.75227780261794, 49.36795128311513, 51.36413084298824, 56.85371932131156, 54.60033201670721, 57.156204054827036
/rds/general/user/dtj20/home/mac/datasets/ace_librispeech/rir1/4507-16021-0053.wav, 41.96750132357539, 49.12586337076643, 48.554063082105834, 243.86926994297818, 53.831592895289766, 67.25530727125582, 235.44250564664287
/rds/general/user/dtj20/home/mac/datasets/ace_librispeech/rir1/8224-274384-0000.wav, 69.39501412889047, 72.85644026751916, 52.10175973676372, 54.60584190022206, 59.44281515136346, 69.7734966456794, 61.475389290215716
/rds/general/user/dtj20/home/mac/datasets/ace_librispeech/rir1/2094-142345-0016.wav, 54.271446811865125, 49.207213037460264, 58.08174465886374, 49.675340991657706, 69.80671332492254, 47.676658445300404, 176.45137720862763
